2  4  2 | 
3  3  2 | 
2  3  3 | 
3  3  1 | 

______________________________________________________________________________


3  2  2 | 
3  3  1 | 
3  2  0 | 
2  5  3 | 

______________________________________________________________________________


3  5  1 | 
1  2  4 | 
1  2  4 | 
3  2  1 | 

______________________________________________________________________________


2  3  4 | 
1  5  2 | 
3  4  3 | 
3  4  3 | 

______________________________________________________________________________


1  4  3 | 
3  2  2 | 
1  5  4 | 
1  3  2 | 

______________________________________________________________________________


1  2  4 | 
3  1  1 | 
1  4  4 | 
2  3  3 | 

______________________________________________________________________________


4  1  3 | 
2  3  2 | 
2  2  2 | 
2  3  4 | 

______________________________________________________________________________


