2  3  2 | 
4  2  3 | 
2  2  2 | 
2  2  1 | 
4  2  3 | 
3  3  1 | 

______________________________________________________________________________


3  4  3 | 
1  2  1 | 
4  2  1 | 
2  1  1 | 
3  2  3 | 
3  2  4 | 

______________________________________________________________________________


3  2  3 | 
3  2  3 | 
3  3  2 | 
1  1  3 | 
0  1  4 | 
2  3  2 | 

______________________________________________________________________________


3  4  2 | 
2  1  2 | 
1  2  2 | 
2  1  4 | 
2  3  2 | 
2  2  5 | 

______________________________________________________________________________


2  3  1 | 
4  0  1 | 
2  4  1 | 
3  4  2 | 
3  2  3 | 
2  3  0 | 

______________________________________________________________________________


