3  4  1 | 
3  2  3 | 

______________________________________________________________________________


4  1  3 | 
4  4  2 | 

______________________________________________________________________________


2  3  3 | 
3  4  1 | 

______________________________________________________________________________


2  1  1 | 
2  1  3 | 

______________________________________________________________________________


1  4  1 | 
3  2  2 | 

______________________________________________________________________________


4  4  4 | 
2  3  3 | 

______________________________________________________________________________


2  3  2 | 
3  2  3 | 

______________________________________________________________________________


