4  2 | 
3  4 | 
1  1 | 
5  3 | 
2  1 | 
3  1 | 

______________________________________________________________________________


1  2 | 
2  2 | 
5  1 | 
2  2 | 
3  2 | 
5  4 | 

______________________________________________________________________________


4  3 | 
1  4 | 
2  4 | 
4  1 | 
3  1 | 
0  3 | 

______________________________________________________________________________


3  4 | 
4  1 | 
1  3 | 
3  4 | 
2  2 | 
2  2 | 

______________________________________________________________________________


