3  3  2 | 
2  2  3 | 

______________________________________________________________________________


2  3  5 | 
3  4  2 | 

______________________________________________________________________________


2  3  4 | 
1  1  2 | 

______________________________________________________________________________


3  3  3 | 
5  5  3 | 

______________________________________________________________________________


2  2  2 | 
3  3  3 | 

______________________________________________________________________________


