3  2 | 
3  3 | 

______________________________________________________________________________


0  3 | 
3  3 | 

______________________________________________________________________________


2  3 | 
1  3 | 

______________________________________________________________________________


2  3 | 
3  3 | 

______________________________________________________________________________


2  2 | 
2  4 | 

______________________________________________________________________________


5  2 | 
5  4 | 

______________________________________________________________________________


