2  2  3 | 
2  2  1 | 
3  2  2 | 
0  4  4 | 
3  3  3 | 

______________________________________________________________________________


2  2  3 | 
3  2  4 | 
3  1  1 | 
3  2  2 | 
5  3  5 | 

______________________________________________________________________________


2  2  4 | 
3  2  2 | 
3  2  0 | 
5  3  3 | 
2  1  3 | 

______________________________________________________________________________


3  4  3 | 
2  2  3 | 
2  2  2 | 
3  2  2 | 
4  1  2 | 

______________________________________________________________________________


1  1  2 | 
1  3  1 | 
1  3  1 | 
3  2  3 | 
4  3  1 | 

______________________________________________________________________________


