2  4  2 | 
2  3  2 | 

______________________________________________________________________________


2  4  3 | 
2  2  2 | 

______________________________________________________________________________


5  2  3 | 
1  2  3 | 

______________________________________________________________________________


4  3  3 | 
0  2  1 | 

______________________________________________________________________________


3  3  3 | 
4  4  4 | 

______________________________________________________________________________


2  0  2 | 
3  2  3 | 

______________________________________________________________________________


