2  2  2  0  2  1 | 
5  3  1  2  4  0 | 
4  1  5  1  3  2 | 
3  2  2  3  2  2 | 

______________________________________________________________________________


2  2  4  4  3  0 | 
2  3  2  1  3  4 | 
2  3  3  3  1  5 | 
2  1  2  4  4  3 | 

______________________________________________________________________________


4  3  2  1  3  4 | 
2  4  4  3  1  2 | 
1  3  1  3  2  4 | 
3  3  3  2  2  3 | 

______________________________________________________________________________


4  1  2  4  2  3 | 
2  1  3  2  2  5 | 
5  3  3  3  3  3 | 
2  2  4  2  2  2 | 

______________________________________________________________________________


