3  2  2  3 | 
3  3  3  1 | 

______________________________________________________________________________


1  3  2  1 | 
2  3  2  2 | 

______________________________________________________________________________


1  3  2  3 | 
1  5  2  2 | 

______________________________________________________________________________


2  1  4  3 | 
3  2  1  3 | 

______________________________________________________________________________


3  2  2  2 | 
2  3  3  3 | 

______________________________________________________________________________


