3  1  2  4 | 
1  4  2  3 | 

______________________________________________________________________________


2  2  3  1 | 
3  2  1  2 | 

______________________________________________________________________________


4  3  3  4 | 
4  3  2  2 | 

______________________________________________________________________________


2  2  4  3 | 
4  2  2  3 | 

______________________________________________________________________________


4  2  2  2 | 
3  0  1  3 | 

______________________________________________________________________________


1  3  2  5 | 
1  1  3  4 | 

______________________________________________________________________________


3  2  4  1 | 
2  3  3  1 | 

______________________________________________________________________________


