3  2  2 | 
2  2  3 | 
1  2  3 | 
5  3  3 | 
2  4  2 | 

______________________________________________________________________________


2  1  3 | 
3  4  3 | 
1  2  3 | 
3  1  2 | 
4  3  2 | 

______________________________________________________________________________


3  4  1 | 
2  4  2 | 
3  3  3 | 
0  3  4 | 
4  0  4 | 

______________________________________________________________________________


0  3  4 | 
2  2  4 | 
4  2  3 | 
3  3  0 | 
3  3  4 | 

______________________________________________________________________________


1  4  3 | 
2  3  1 | 
2  3  2 | 
3  2  4 | 
3  3  2 | 

______________________________________________________________________________


4  2  3 | 
2  2  2 | 
3  5  3 | 
4  3  1 | 
3  1  2 | 

______________________________________________________________________________


5  2  4 | 
2  3  1 | 
3  2  3 | 
4  5  2 | 
3  3  1 | 

______________________________________________________________________________


