0  3  3  4  3 | 
2  1  1  3  3 | 
1  0  1  4  4 | 
2  4  1  3  2 | 

______________________________________________________________________________


3  0  1  0  2 | 
3  2  3  1  3 | 
4  3  1  4  4 | 
2  4  1  2  3 | 

______________________________________________________________________________


3  2  1  2  3 | 
2  3  1  1  3 | 
2  3  3  1  3 | 
3  1  2  4  2 | 

______________________________________________________________________________


5  3  5  1  1 | 
1  1  4  2  1 | 
2  2  1  1  3 | 
2  4  4  3  1 | 

______________________________________________________________________________


