2  2 | 
4  3 | 
0  2 | 

______________________________________________________________________________


3  2 | 
1  2 | 
2  2 | 

______________________________________________________________________________


3  2 | 
4  4 | 
1  1 | 

______________________________________________________________________________


4  1 | 
2  3 | 
2  0 | 

______________________________________________________________________________


1  2 | 
2  5 | 
3  2 | 

______________________________________________________________________________


5  4 | 
3  3 | 
2  1 | 

______________________________________________________________________________


1  1 | 
4  2 | 
4  3 | 

______________________________________________________________________________


