2  4 | 
2  2 | 
0  2 | 
1  2 | 

______________________________________________________________________________


4  3 | 
5  2 | 
3  3 | 
3  2 | 

______________________________________________________________________________


2  1 | 
0  2 | 
1  3 | 
3  2 | 

______________________________________________________________________________


2  3 | 
3  3 | 
3  1 | 
1  3 | 

______________________________________________________________________________


3  2 | 
4  2 | 
3  3 | 
2  2 | 

______________________________________________________________________________


1  3 | 
2  4 | 
1  3 | 
2  2 | 

______________________________________________________________________________


3  4 | 
3  4 | 
1  2 | 
2  3 | 

______________________________________________________________________________


