2  5 | 
2  4 | 

______________________________________________________________________________


2  3 | 
2  1 | 

______________________________________________________________________________


5  2 | 
3  4 | 

______________________________________________________________________________


4  3 | 
1  2 | 

______________________________________________________________________________


4  3 | 
5  2 | 

______________________________________________________________________________


3  3 | 
1  1 | 

______________________________________________________________________________


