4  2 | 
4  4 | 
3  2 | 

______________________________________________________________________________


3  1 | 
3  2 | 
2  4 | 

______________________________________________________________________________


1  4 | 
3  3 | 
1  2 | 

______________________________________________________________________________


2  2 | 
2  4 | 
3  1 | 

______________________________________________________________________________


4  3 | 
3  3 | 
5  2 | 

______________________________________________________________________________


3  1 | 
3  3 | 
2  3 | 

______________________________________________________________________________


