3  2  2  4  2  2  4 | 
1  2  3  3  2  3  2 | 

______________________________________________________________________________


2  3  3  2  2  2  4 | 
5  5  3  3  3  3  2 | 

______________________________________________________________________________


2  2  2  2  2  2  5 | 
3  2  2  2  3  1  3 | 

______________________________________________________________________________


0  4  0  4  2  3  1 | 
4  4  3  3  3  3  3 | 

______________________________________________________________________________


2  3  3  3  2  4  2 | 
2  2  1  2  2  4  3 | 

______________________________________________________________________________


