3  1 | 
4  3 | 

______________________________________________________________________________


4  3 | 
4  2 | 

______________________________________________________________________________


2  3 | 
2  1 | 

______________________________________________________________________________


2  1 | 
3  2 | 

______________________________________________________________________________


3  3 | 
2  2 | 

______________________________________________________________________________


2  1 | 
3  2 | 

______________________________________________________________________________


0  2 | 
1  2 | 

______________________________________________________________________________


