3  3 | 
4  3 | 
2  3 | 
4  2 | 
1  2 | 

______________________________________________________________________________


3  1 | 
5  2 | 
3  4 | 
2  0 | 
4  4 | 

______________________________________________________________________________


3  3 | 
3  3 | 
4  1 | 
0  2 | 
1  4 | 

______________________________________________________________________________


4  4 | 
3  4 | 
4  3 | 
2  2 | 
2  3 | 

______________________________________________________________________________


5  2 | 
3  1 | 
5  4 | 
1  1 | 
1  1 | 

______________________________________________________________________________


