0  3  3  4  3  2  3 | 
2  1  4  2  4  2  3 | 

______________________________________________________________________________


2  0  2  3  3  2  3 | 
3  3  2  2  4  2  1 | 

______________________________________________________________________________


1  3  3  3  3  2  2 | 
3  2  0  2  2  1  3 | 

______________________________________________________________________________


2  0  3  2  3  3  2 | 
2  3  1  4  5  3  1 | 

______________________________________________________________________________


3  3  2  3  3  3  2 | 
3  2  3  2  2  4  3 | 

______________________________________________________________________________


1  4  3  4  3  2  4 | 
0  2  4  2  1  3  4 | 

______________________________________________________________________________


