4  4 | 
1  1 | 
5  3 | 
2  2 | 

______________________________________________________________________________


1  3 | 
2  3 | 
2  2 | 
3  3 | 

______________________________________________________________________________


2  1 | 
3  4 | 
2  3 | 
3  1 | 

______________________________________________________________________________


2  3 | 
3  3 | 
1  1 | 
0  3 | 

______________________________________________________________________________


3  3 | 
2  1 | 
2  2 | 
3  3 | 

______________________________________________________________________________


3  3 | 
1  4 | 
2  4 | 
1  1 | 

______________________________________________________________________________


