1  0  2 | 
4  4  3 | 
2  3  2 | 

______________________________________________________________________________


4  3  2 | 
1  4  2 | 
4  1  3 | 

______________________________________________________________________________


2  3  2 | 
1  4  3 | 
2  2  2 | 

______________________________________________________________________________


2  1  2 | 
3  2  5 | 
5  2  3 | 

______________________________________________________________________________


2  1  4 | 
4  1  3 | 
1  1  3 | 

______________________________________________________________________________


3  2  2 | 
5  1  1 | 
3  2  2 | 

______________________________________________________________________________


