3  2  1  3 | 
3  2  0  2 | 
3  4  4  3 | 
1  1  3  3 | 
2  4  1  2 | 
1  2  4  0 | 

______________________________________________________________________________


3  2  4  1 | 
3  3  1  3 | 
3  1  2  2 | 
0  4  3  3 | 
5  1  1  3 | 
3  2  2  3 | 

______________________________________________________________________________


2  2  4  2 | 
1  3  1  3 | 
2  2  4  4 | 
1  1  1  2 | 
2  1  2  2 | 
3  4  1  3 | 

______________________________________________________________________________


2  2  2  5 | 
4  1  1  2 | 
3  2  3  2 | 
1  3  3  1 | 
2  3  3  4 | 
2  4  0  2 | 

______________________________________________________________________________


3  3  1  2 | 
2  2  1  2 | 
2  1  1  2 | 
2  3  4  2 | 
3  2  1  4 | 
3  2  2  2 | 

______________________________________________________________________________


3  4  1  3 | 
2  3  3  0 | 
3  2  3  2 | 
4  3  2  3 | 
2  3  3  3 | 
2  2  4  2 | 

______________________________________________________________________________


