4  2  1  2  2  3  2 | 
1  2  4  3  4  2  2 | 
3  4  2  3  1  3  0 | 

______________________________________________________________________________


4  4  0  3  4  4  1 | 
0  2  2  4  3  2  4 | 
0  3  5  2  2  4  2 | 

______________________________________________________________________________


1  2  3  1  2  2  1 | 
4  2  2  3  3  5  2 | 
3  1  3  4  2  2  3 | 

______________________________________________________________________________


2  4  3  2  2  2  2 | 
2  3  3  3  4  2  3 | 
3  4  1  3  4  4  3 | 

______________________________________________________________________________


