4  2  5 | 
3  3  3 | 
3  1  5 | 
3  2  2 | 

______________________________________________________________________________


2  3  3 | 
2  3  3 | 
3  3  2 | 
1  3  2 | 

______________________________________________________________________________


2  3  1 | 
2  2  2 | 
3  3  4 | 
3  0  2 | 

______________________________________________________________________________


3  4  2 | 
3  2  2 | 
1  2  1 | 
1  1  1 | 

______________________________________________________________________________


3  4  2 | 
0  1  2 | 
4  5  3 | 
3  4  3 | 

______________________________________________________________________________


1  3  3 | 
3  2  3 | 
1  1  0 | 
3  4  2 | 

______________________________________________________________________________


2  4  1 | 
3  3  4 | 
3  2  4 | 
2  3  2 | 

______________________________________________________________________________


