3  4  3 | 
2  4  3 | 

______________________________________________________________________________


3  5  3 | 
4  1  2 | 

______________________________________________________________________________


1  3  3 | 
3  3  3 | 

______________________________________________________________________________


3  1  3 | 
1  1  2 | 

______________________________________________________________________________


4  3  4 | 
2  2  3 | 

______________________________________________________________________________


3  5  0 | 
1  3  2 | 

______________________________________________________________________________


