3  2  2 | 
2  4  3 | 
5  1  3 | 
2  4  2 | 

______________________________________________________________________________


2  1  4 | 
3  2  3 | 
4  3  2 | 
2  3  5 | 

______________________________________________________________________________


1  3  3 | 
1  2  4 | 
3  3  3 | 
2  2  3 | 

______________________________________________________________________________


4  4  2 | 
3  2  2 | 
1  4  2 | 
4  4  1 | 

______________________________________________________________________________


3  2  2 | 
3  2  3 | 
3  3  2 | 
3  2  1 | 

______________________________________________________________________________


