3  4  2 | 
2  3  3 | 
3  3  3 | 
1  0  1 | 
1  5  4 | 

______________________________________________________________________________


3  2  3 | 
2  0  3 | 
4  1  4 | 
4  3  1 | 
3  3  3 | 

______________________________________________________________________________


4  2  3 | 
4  2  1 | 
3  3  3 | 
2  4  2 | 
2  2  2 | 

______________________________________________________________________________


4  4  3 | 
4  3  4 | 
0  2  3 | 
3  3  3 | 
2  3  3 | 

______________________________________________________________________________


