2  3  3  2  3 | 
3  3  3  3  2 | 
5  2  1  4  1 | 

______________________________________________________________________________


2  3  3  4  3 | 
2  2  4  3  3 | 
2  4  2  2  3 | 

______________________________________________________________________________


2  2  4  0  3 | 
3  2  1  5  0 | 
2  2  4  2  2 | 

______________________________________________________________________________


2  2  1  3  2 | 
1  2  3  2  1 | 
4  2  4  4  0 | 

______________________________________________________________________________


1  2  2  4  2 | 
5  2  2  4  4 | 
4  3  3  1  2 | 

______________________________________________________________________________


