3  2 | 
3  5 | 
2  3 | 

______________________________________________________________________________


2  2 | 
2  1 | 
3  3 | 

______________________________________________________________________________


3  3 | 
3  2 | 
3  2 | 

______________________________________________________________________________


2  2 | 
1  3 | 
3  3 | 

______________________________________________________________________________


1  3 | 
4  5 | 
3  3 | 

______________________________________________________________________________


3  0 | 
1  3 | 
4  4 | 

______________________________________________________________________________


2  3 | 
4  3 | 
1  2 | 

______________________________________________________________________________


