3  2 | 
2  3 | 
1  3 | 
3  4 | 
4  3 | 
3  4 | 

______________________________________________________________________________


3  3 | 
3  2 | 
2  1 | 
5  1 | 
3  3 | 
2  3 | 

______________________________________________________________________________


1  3 | 
4  3 | 
3  4 | 
2  2 | 
4  2 | 
2  3 | 

______________________________________________________________________________


2  2 | 
3  3 | 
2  2 | 
2  3 | 
2  3 | 
2  1 | 

______________________________________________________________________________


