1  2  2  5  2  3 | 
2  3  2  3  3  2 | 
3  0  2  3  3  1 | 

______________________________________________________________________________


1  2  1  1  2  2 | 
4  3  3  3  3  2 | 
2  3  2  3  2  3 | 

______________________________________________________________________________


2  4  2  2  1  3 | 
1  2  1  1  3  0 | 
2  4  1  3  5  2 | 

______________________________________________________________________________


2  1  1  4  2  4 | 
3  3  3  2  3  3 | 
3  2  3  3  2  2 | 

______________________________________________________________________________


