2  3 | 
1  2 | 
2  4 | 
2  3 | 
2  1 | 

______________________________________________________________________________


2  3 | 
3  2 | 
1  5 | 
2  2 | 
3  4 | 

______________________________________________________________________________


1  1 | 
3  2 | 
3  2 | 
2  4 | 
1  2 | 

______________________________________________________________________________


1  2 | 
3  2 | 
1  2 | 
3  2 | 
3  1 | 

______________________________________________________________________________


3  2 | 
4  4 | 
3  3 | 
1  3 | 
3  3 | 

______________________________________________________________________________


3  2 | 
2  2 | 
3  2 | 
2  4 | 
0  4 | 

______________________________________________________________________________


