2  2  4 | 
3  4  4 | 
2  3  5 | 
4  1  3 | 
3  2  3 | 
2  3  3 | 
0  3  3 | 

______________________________________________________________________________


4  1  3 | 
3  2  3 | 
3  1  1 | 
3  3  3 | 
1  4  3 | 
2  2  1 | 
3  2  0 | 

______________________________________________________________________________


4  3  3 | 
1  3  4 | 
0  3  3 | 
1  4  2 | 
2  1  2 | 
1  3  3 | 
2  4  0 | 

______________________________________________________________________________


3  2  2 | 
3  3  1 | 
2  3  4 | 
1  1  1 | 
3  4  2 | 
3  2  4 | 
3  3  0 | 

______________________________________________________________________________


3  4  3 | 
1  2  2 | 
1  1  2 | 
2  5  2 | 
3  3  3 | 
3  3  3 | 
1  2  5 | 

______________________________________________________________________________


