4  3  3  1  0 | 
3  3  3  0  3 | 

______________________________________________________________________________


3  3  3  3  2 | 
5  4  4  2  1 | 

______________________________________________________________________________


2  4  2  0  3 | 
4  1  3  1  3 | 

______________________________________________________________________________


1  3  3  1  4 | 
2  4  4  3  3 | 

______________________________________________________________________________


3  4  2  1  1 | 
1  3  1  2  1 | 

______________________________________________________________________________


0  1  2  3  4 | 
2  1  3  2  4 | 

______________________________________________________________________________


