4  2 | 
2  3 | 
1  2 | 
3  2 | 
5  2 | 
4  3 | 
3  2 | 

______________________________________________________________________________


2  2 | 
2  3 | 
3  4 | 
3  3 | 
1  4 | 
2  3 | 
2  4 | 

______________________________________________________________________________


0  3 | 
4  2 | 
3  3 | 
2  4 | 
3  3 | 
4  3 | 
0  1 | 

______________________________________________________________________________


2  1 | 
4  1 | 
1  1 | 
3  4 | 
4  3 | 
4  3 | 
3  1 | 

______________________________________________________________________________


