2  4  2 | 
2  3  1 | 
3  2  3 | 
3  3  0 | 

______________________________________________________________________________


3  2  2 | 
3  2  5 | 
3  1  1 | 
3  3  1 | 

______________________________________________________________________________


3  3  2 | 
4  2  3 | 
3  3  0 | 
3  4  2 | 

______________________________________________________________________________


3  2  4 | 
3  0  3 | 
1  2  2 | 
3  3  3 | 

______________________________________________________________________________


3  3  3 | 
1  3  2 | 
2  3  3 | 
1  2  2 | 

______________________________________________________________________________


4  3  2 | 
2  5  2 | 
4  4  3 | 
2  1  3 | 

______________________________________________________________________________


