2  4  1  4 | 
4  1  1  4 | 
2  2  2  3 | 

______________________________________________________________________________


2  2  3  2 | 
3  2  4  3 | 
4  3  2  3 | 

______________________________________________________________________________


2  2  4  4 | 
2  2  4  3 | 
3  2  2  2 | 

______________________________________________________________________________


3  2  3  3 | 
1  2  0  2 | 
2  4  3  1 | 

______________________________________________________________________________


3  1  1  0 | 
2  4  5  2 | 
1  3  2  4 | 

______________________________________________________________________________


3  3  2  3 | 
1  3  2  3 | 
3  1  2  3 | 

______________________________________________________________________________


3  3  4  3 | 
3  3  2  3 | 
3  3  3  3 | 

______________________________________________________________________________


