2  2  4  3  3 | 
0  4  1  4  4 | 

______________________________________________________________________________


2  2  2  0  3 | 
5  0  2  2  2 | 

______________________________________________________________________________


3  4  2  3  4 | 
1  3  3  3  2 | 

______________________________________________________________________________


3  3  3  5  3 | 
1  2  2  2  2 | 

______________________________________________________________________________


4  2  2  2  4 | 
3  4  1  3  1 | 

______________________________________________________________________________


1  2  2  2  2 | 
3  1  3  1  4 | 

______________________________________________________________________________


