2  1  1 | 
3  3  2 | 
5  3  3 | 
3  4  1 | 

______________________________________________________________________________


0  3  4 | 
4  3  3 | 
3  3  4 | 
2  2  3 | 

______________________________________________________________________________


2  4  5 | 
4  0  5 | 
3  0  2 | 
3  3  1 | 

______________________________________________________________________________


2  4  3 | 
2  2  3 | 
4  3  1 | 
2  2  2 | 

______________________________________________________________________________


