0  3  1 | 
1  1  2 | 
2  4  4 | 

______________________________________________________________________________


2  3  2 | 
2  2  3 | 
3  3  3 | 

______________________________________________________________________________


2  2  0 | 
3  1  4 | 
2  4  3 | 

______________________________________________________________________________


2  3  2 | 
2  4  1 | 
2  2  2 | 

______________________________________________________________________________


3  3  3 | 
2  3  5 | 
1  3  1 | 

______________________________________________________________________________


3  2  2 | 
2  3  2 | 
2  3  3 | 

______________________________________________________________________________


