4  4 | 
2  2 | 
1  4 | 
4  3 | 
2  1 | 

______________________________________________________________________________


1  5 | 
2  4 | 
3  3 | 
3  5 | 
2  2 | 

______________________________________________________________________________


1  3 | 
4  4 | 
4  2 | 
3  1 | 
2  3 | 

______________________________________________________________________________


4  3 | 
3  3 | 
3  3 | 
1  2 | 
5  3 | 

______________________________________________________________________________


3  3 | 
2  2 | 
2  1 | 
2  2 | 
4  2 | 

______________________________________________________________________________


