5  2  3  4  3 | 
2  3  5  4  3 | 
2  3  4  1  1 | 
4  4  3  2  2 | 
4  2  2  2  4 | 

______________________________________________________________________________


1  5  3  3  2 | 
3  3  3  4  4 | 
3  1  4  3  3 | 
4  2  2  2  3 | 
2  2  4  4  2 | 

______________________________________________________________________________


2  3  5  4  1 | 
3  3  3  3  2 | 
2  2  2  2  3 | 
0  3  3  1  2 | 
2  3  0  3  2 | 

______________________________________________________________________________


