3  1 | 
4  2 | 
1  2 | 

______________________________________________________________________________


4  4 | 
1  3 | 
1  4 | 

______________________________________________________________________________


3  1 | 
0  4 | 
4  4 | 

______________________________________________________________________________


5  0 | 
4  2 | 
1  3 | 

______________________________________________________________________________


2  2 | 
1  2 | 
3  4 | 

______________________________________________________________________________


