3  2  3  3 | 
3  1  2  4 | 

______________________________________________________________________________


3  4  3  2 | 
4  0  2  2 | 

______________________________________________________________________________


0  2  1  4 | 
2  3  2  2 | 

______________________________________________________________________________


3  2  2  5 | 
3  3  1  2 | 

______________________________________________________________________________


4  0  2  2 | 
3  2  3  3 | 

______________________________________________________________________________


