1  3  2 | 
4  3  2 | 
3  3  2 | 

______________________________________________________________________________


5  2  2 | 
2  4  3 | 
3  2  2 | 

______________________________________________________________________________


2  3  2 | 
4  4  4 | 
2  3  3 | 

______________________________________________________________________________


4  2  2 | 
3  3  5 | 
0  4  1 | 

______________________________________________________________________________


3  1  3 | 
2  2  3 | 
4  2  4 | 

______________________________________________________________________________


4  2  1 | 
3  2  2 | 
2  2  3 | 

______________________________________________________________________________


5  3  1 | 
4  3  1 | 
3  3  3 | 

______________________________________________________________________________


