1  2  3 | 
3  1  5 | 
3  4  2 | 
4  3  0 | 

______________________________________________________________________________


2  4  3 | 
4  3  1 | 
3  4  4 | 
1  2  2 | 

______________________________________________________________________________


1  4  2 | 
3  3  1 | 
2  4  3 | 
0  2  2 | 

______________________________________________________________________________


2  0  3 | 
3  3  2 | 
1  3  1 | 
2  3  1 | 

______________________________________________________________________________


