3  4  2  3 | 
1  1  4  2 | 

______________________________________________________________________________


4  1  3  4 | 
5  3  2  2 | 

______________________________________________________________________________


2  4  3  3 | 
4  2  3  3 | 

______________________________________________________________________________


3  2  2  5 | 
4  5  1  1 | 

______________________________________________________________________________


3  3  1  1 | 
1  2  1  1 | 

______________________________________________________________________________


0  2  1  3 | 
4  4  1  3 | 

______________________________________________________________________________


