1  3  2  5 | 
4  2  4  4 | 
3  2  2  3 | 

______________________________________________________________________________


4  3  3  3 | 
2  1  4  1 | 
2  4  0  4 | 

______________________________________________________________________________


0  2  2  3 | 
3  2  1  3 | 
2  2  1  3 | 

______________________________________________________________________________


3  3  3  1 | 
3  2  2  3 | 
3  3  3  3 | 

______________________________________________________________________________


4  3  3  3 | 
2  4  4  3 | 
2  1  4  2 | 

______________________________________________________________________________


