2  2  3  2 | 
0  2  4  2 | 

______________________________________________________________________________


5  3  4  3 | 
1  3  2  4 | 

______________________________________________________________________________


1  2  4  1 | 
4  2  3  0 | 

______________________________________________________________________________


4  3  2  2 | 
3  5  2  3 | 

______________________________________________________________________________


2  5  3  1 | 
2  1  0  4 | 

______________________________________________________________________________


2  4  4  1 | 
4  5  3  3 | 

______________________________________________________________________________


