1  2 | 
3  2 | 
3  1 | 
4  4 | 
4  5 | 
1  1 | 

______________________________________________________________________________


3  3 | 
2  2 | 
0  3 | 
1  3 | 
3  3 | 
4  3 | 

______________________________________________________________________________


4  3 | 
1  3 | 
2  2 | 
3  3 | 
5  2 | 
2  2 | 

______________________________________________________________________________


2  3 | 
3  1 | 
3  3 | 
1  4 | 
3  1 | 
4  1 | 

______________________________________________________________________________


2  3 | 
1  1 | 
2  2 | 
2  4 | 
1  4 | 
0  3 | 

______________________________________________________________________________


4  3 | 
3  2 | 
2  2 | 
2  4 | 
3  3 | 
3  3 | 

______________________________________________________________________________


