1  3 | 
4  2 | 
4  5 | 

______________________________________________________________________________


5  4 | 
2  2 | 
2  2 | 

______________________________________________________________________________


2  2 | 
3  4 | 
3  4 | 

______________________________________________________________________________


3  4 | 
4  2 | 
3  1 | 

______________________________________________________________________________


1  2 | 
3  2 | 
2  2 | 

______________________________________________________________________________


