3  2  2 | 
4  2  2 | 
2  4  2 | 

______________________________________________________________________________


4  1  4 | 
2  3  3 | 
3  2  2 | 

______________________________________________________________________________


3  3  2 | 
3  4  3 | 
2  2  4 | 

______________________________________________________________________________


3  4  5 | 
3  3  2 | 
4  2  0 | 

______________________________________________________________________________


4  3  4 | 
2  2  3 | 
1  5  5 | 

______________________________________________________________________________


