4  3  3  3 | 
2  2  2  1 | 
2  1  3  3 | 

______________________________________________________________________________


3  2  2  1 | 
2  2  2  2 | 
1  3  3  3 | 

______________________________________________________________________________


3  2  4  1 | 
4  3  2  4 | 
2  0  1  2 | 

______________________________________________________________________________


2  3  1  2 | 
3  2  4  3 | 
3  4  3  4 | 

______________________________________________________________________________


4  1  2  2 | 
3  2  1  5 | 
3  3  1  3 | 

______________________________________________________________________________


