2  2  4  5 | 
2  2  2  2 | 
2  3  3  3 | 
3  3  4  1 | 
5  2  4  4 | 
1  4  3  4 | 

______________________________________________________________________________


5  5  4  4 | 
0  2  1  4 | 
2  3  2  5 | 
1  2  2  2 | 
5  4  3  2 | 
2  2  3  1 | 

______________________________________________________________________________


3  3  2  4 | 
2  1  3  2 | 
2  2  2  4 | 
5  2  1  5 | 
2  3  2  4 | 
3  0  0  3 | 

______________________________________________________________________________


4  1  2  2 | 
2  3  2  4 | 
4  2  2  2 | 
3  1  4  1 | 
1  3  3  1 | 
3  3  4  1 | 

______________________________________________________________________________


1  3  4  2 | 
2  2  3  2 | 
4  3  2  4 | 
4  0  2  2 | 
3  2  5  3 | 
2  4  4  2 | 

______________________________________________________________________________


