4  3 | 
3  4 | 
2  2 | 
1  4 | 

______________________________________________________________________________


3  2 | 
3  4 | 
3  2 | 
3  4 | 

______________________________________________________________________________


2  2 | 
4  3 | 
2  2 | 
2  2 | 

______________________________________________________________________________


2  3 | 
3  2 | 
0  2 | 
2  3 | 

______________________________________________________________________________


2  3 | 
3  1 | 
0  2 | 
2  2 | 

______________________________________________________________________________


