3  2  3  1  1  2  1 | 
2  4  3  1  2  2  3 | 

______________________________________________________________________________


2  4  3  3  2  2  4 | 
4  1  4  2  3  2  4 | 

______________________________________________________________________________


3  2  5  4  2  5  4 | 
1  2  3  3  2  2  3 | 

______________________________________________________________________________


2  2  4  1  0  3  2 | 
4  3  3  0  2  2  4 | 

______________________________________________________________________________


