1  5  0  2 | 
2  2  3  4 | 
2  2  4  3 | 

______________________________________________________________________________


4  1  1  3 | 
4  3  1  2 | 
2  5  4  2 | 

______________________________________________________________________________


2  4  2  3 | 
3  2  2  1 | 
1  2  3  3 | 

______________________________________________________________________________


1  5  4  3 | 
2  5  2  0 | 
4  2  4  2 | 

______________________________________________________________________________


1  4  0  3 | 
3  1  3  2 | 
5  2  1  4 | 

______________________________________________________________________________


