2  1  2 | 
2  4  3 | 
3  2  2 | 
1  3  3 | 
3  2  0 | 

______________________________________________________________________________


2  2  1 | 
3  3  2 | 
0  3  1 | 
3  3  3 | 
2  2  1 | 

______________________________________________________________________________


1  3  4 | 
2  2  4 | 
5  1  2 | 
3  3  2 | 
4  3  2 | 

______________________________________________________________________________


3  4  3 | 
3  3  3 | 
1  2  2 | 
2  2  1 | 
4  3  2 | 

______________________________________________________________________________


