3  2 | 
4  2 | 
4  1 | 
5  4 | 
2  1 | 

______________________________________________________________________________


4  2 | 
0  1 | 
0  2 | 
2  4 | 
1  3 | 

______________________________________________________________________________


3  4 | 
2  4 | 
0  3 | 
1  0 | 
3  3 | 

______________________________________________________________________________


3  3 | 
3  2 | 
0  4 | 
1  2 | 
2  4 | 

______________________________________________________________________________


3  3 | 
3  3 | 
2  3 | 
3  3 | 
2  2 | 

______________________________________________________________________________


2  3 | 
4  3 | 
4  3 | 
3  4 | 
2  3 | 

______________________________________________________________________________


