2  3 | 
2  4 | 
3  3 | 
1  3 | 
4  3 | 
2  1 | 

______________________________________________________________________________


4  2 | 
1  2 | 
4  3 | 
1  3 | 
3  3 | 
4  2 | 

______________________________________________________________________________


1  4 | 
4  2 | 
2  2 | 
2  3 | 
1  0 | 
1  2 | 

______________________________________________________________________________


3  2 | 
3  2 | 
2  3 | 
2  3 | 
4  1 | 
4  1 | 

______________________________________________________________________________


2  2 | 
2  4 | 
4  2 | 
2  2 | 
3  4 | 
1  1 | 

______________________________________________________________________________


