4  0  3  1  5 | 
3  2  3  3  2 | 

______________________________________________________________________________


2  1  4  4  3 | 
2  1  2  4  3 | 

______________________________________________________________________________


0  3  3  4  3 | 
1  0  3  1  2 | 

______________________________________________________________________________


2  3  3  2  2 | 
2  2  3  2  2 | 

______________________________________________________________________________


4  2  1  3  1 | 
1  2  2  2  2 | 

______________________________________________________________________________


