2  4 | 
4  0 | 
1  2 | 
2  2 | 
3  2 | 

______________________________________________________________________________


4  4 | 
2  2 | 
4  4 | 
2  1 | 
2  1 | 

______________________________________________________________________________


3  4 | 
3  3 | 
2  1 | 
0  3 | 
2  1 | 

______________________________________________________________________________


3  3 | 
3  2 | 
2  4 | 
3  4 | 
2  2 | 

______________________________________________________________________________


1  2 | 
3  2 | 
5  2 | 
4  4 | 
3  4 | 

______________________________________________________________________________


3  1 | 
3  2 | 
1  2 | 
2  1 | 
2  1 | 

______________________________________________________________________________


4  3 | 
3  1 | 
1  5 | 
3  3 | 
4  4 | 

______________________________________________________________________________


