2  3 | 
4  4 | 
2  4 | 
3  1 | 
0  3 | 
4  3 | 

______________________________________________________________________________


1  3 | 
1  2 | 
2  4 | 
0  3 | 
2  2 | 
1  2 | 

______________________________________________________________________________


5  2 | 
4  2 | 
2  2 | 
3  5 | 
3  2 | 
3  4 | 

______________________________________________________________________________


4  4 | 
4  3 | 
3  2 | 
2  1 | 
2  4 | 
5  4 | 

______________________________________________________________________________


3  2 | 
3  2 | 
1  4 | 
3  3 | 
2  3 | 
1  3 | 

______________________________________________________________________________


