3  4  3  2  2 | 
3  3  3  2  4 | 
1  4  2  4  3 | 

______________________________________________________________________________


3  3  3  4  1 | 
2  4  2  4  1 | 
3  3  4  3  4 | 

______________________________________________________________________________


0  2  2  2  5 | 
1  3  4  2  3 | 
3  3  4  1  1 | 

______________________________________________________________________________


2  3  3  2  3 | 
3  3  4  2  3 | 
1  2  2  0  5 | 

______________________________________________________________________________


1  4  4  2  3 | 
1  3  3  3  5 | 
1  2  4  3  1 | 

______________________________________________________________________________


2  1  1  2  4 | 
1  3  3  1  2 | 
4  4  1  1  3 | 

______________________________________________________________________________


