2  2  2  3  2 | 
2  5  5  0  4 | 
3  2  2  2  4 | 
4  3  2  4  3 | 

______________________________________________________________________________


5  2  2  3  2 | 
4  4  2  2  3 | 
2  2  1  2  4 | 
1  3  2  3  5 | 

______________________________________________________________________________


2  0  3  3  2 | 
2  3  2  3  3 | 
4  3  3  2  2 | 
1  2  2  2  4 | 

______________________________________________________________________________


2  3  1  1  1 | 
2  3  2  3  2 | 
2  2  1  2  1 | 
1  3  3  3  1 | 

______________________________________________________________________________


1  3  5  3  2 | 
4  2  3  1  4 | 
1  2  3  3  1 | 
3  2  5  4  1 | 

______________________________________________________________________________


4  3  0  1  2 | 
1  2  3  1  3 | 
2  3  3  5  3 | 
3  2  4  4  1 | 

______________________________________________________________________________


