1  2 | 
3  3 | 
1  2 | 

______________________________________________________________________________


3  2 | 
3  3 | 
1  2 | 

______________________________________________________________________________


4  3 | 
2  3 | 
5  3 | 

______________________________________________________________________________


3  4 | 
2  3 | 
2  1 | 

______________________________________________________________________________


2  2 | 
2  2 | 
2  1 | 

______________________________________________________________________________


2  2 | 
1  2 | 
4  3 | 

______________________________________________________________________________


