4  3 | 
3  2 | 
2  4 | 

______________________________________________________________________________


2  1 | 
2  3 | 
3  2 | 

______________________________________________________________________________


2  4 | 
2  4 | 
3  2 | 

______________________________________________________________________________


3  2 | 
1  3 | 
3  3 | 

______________________________________________________________________________


2  1 | 
1  1 | 
3  1 | 

______________________________________________________________________________


5  3 | 
2  0 | 
4  2 | 

______________________________________________________________________________


2  2 | 
3  2 | 
4  2 | 

______________________________________________________________________________


