1  3  2  1 | 
2  5  2  4 | 

______________________________________________________________________________


3  1  2  2 | 
4  4  3  3 | 

______________________________________________________________________________


2  3  2  1 | 
2  3  4  4 | 

______________________________________________________________________________


2  2  3  5 | 
1  0  3  2 | 

______________________________________________________________________________


2  3  1  2 | 
3  1  2  2 | 

______________________________________________________________________________


3  4  1  4 | 
3  2  2  2 | 

______________________________________________________________________________


2  2  3  1 | 
2  2  3  4 | 

______________________________________________________________________________


