3  4  3 | 
3  3  3 | 
3  2  3 | 
3  2  4 | 
2  3  3 | 
2  4  1 | 
4  3  4 | 

______________________________________________________________________________


4  2  2 | 
4  3  3 | 
3  5  3 | 
4  3  1 | 
2  1  2 | 
1  4  3 | 
2  1  2 | 

______________________________________________________________________________


2  1  3 | 
1  0  3 | 
5  2  3 | 
3  2  2 | 
3  2  2 | 
2  3  3 | 
1  2  1 | 

______________________________________________________________________________


3  0  2 | 
4  3  1 | 
4  4  2 | 
2  2  4 | 
2  2  4 | 
2  3  3 | 
3  1  4 | 

______________________________________________________________________________


1  2  3 | 
2  3  2 | 
4  2  2 | 
3  2  4 | 
1  2  2 | 
2  3  3 | 
4  3  2 | 

______________________________________________________________________________


2  0  2 | 
2  3  2 | 
4  4  1 | 
0  2  2 | 
4  1  2 | 
3  3  3 | 
4  2  1 | 

______________________________________________________________________________


1  4  3 | 
1  1  2 | 
4  3  2 | 
3  3  2 | 
3  3  1 | 
3  2  3 | 
2  3  1 | 

______________________________________________________________________________


