3  5  0  2  3  2 | 
3  1  3  3  1  3 | 
2  2  4  2  1  3 | 
3  2  3  1  2  3 | 

______________________________________________________________________________


5  2  2  2  2  3 | 
3  3  3  3  4  4 | 
3  2  3  2  3  2 | 
3  2  5  2  1  4 | 

______________________________________________________________________________


3  3  4  5  2  4 | 
1  5  2  3  3  3 | 
3  2  1  2  3  3 | 
2  3  2  4  2  1 | 

______________________________________________________________________________


2  2  3  2  1  2 | 
2  2  2  2  4  3 | 
3  2  2  2  2  2 | 
2  4  3  2  2  2 | 

______________________________________________________________________________


