3  2 | 
2  5 | 
2  4 | 
2  4 | 
2  2 | 

______________________________________________________________________________


3  3 | 
2  2 | 
4  3 | 
0  1 | 
5  3 | 

______________________________________________________________________________


1  4 | 
1  2 | 
5  2 | 
2  2 | 
3  2 | 

______________________________________________________________________________


3  3 | 
1  4 | 
2  5 | 
1  3 | 
0  1 | 

______________________________________________________________________________


5  1 | 
2  3 | 
3  2 | 
2  1 | 
3  2 | 

______________________________________________________________________________


