2  3  2 | 
3  4  2 | 

______________________________________________________________________________


3  2  3 | 
2  3  0 | 

______________________________________________________________________________


4  3  2 | 
2  3  3 | 

______________________________________________________________________________


4  2  1 | 
4  1  3 | 

______________________________________________________________________________


2  4  2 | 
1  2  2 | 

______________________________________________________________________________


