3  2 | 
3  3 | 
1  3 | 
2  3 | 
2  2 | 
1  2 | 

______________________________________________________________________________


2  2 | 
5  1 | 
1  2 | 
4  1 | 
1  2 | 
2  2 | 

______________________________________________________________________________


5  2 | 
2  2 | 
3  2 | 
3  2 | 
2  0 | 
3  0 | 

______________________________________________________________________________


4  2 | 
2  4 | 
3  4 | 
2  0 | 
3  3 | 
3  3 | 

______________________________________________________________________________


3  2 | 
3  3 | 
3  4 | 
2  2 | 
2  4 | 
5  2 | 

______________________________________________________________________________


