1  0 | 
2  3 | 
2  3 | 
2  3 | 
3  2 | 
4  4 | 

______________________________________________________________________________


4  2 | 
3  2 | 
3  3 | 
2  3 | 
3  2 | 
3  0 | 

______________________________________________________________________________


2  2 | 
1  2 | 
4  2 | 
2  4 | 
2  3 | 
3  3 | 

______________________________________________________________________________


3  3 | 
3  2 | 
2  3 | 
3  3 | 
3  2 | 
4  2 | 

______________________________________________________________________________


4  3 | 
2  3 | 
2  2 | 
2  2 | 
2  3 | 
3  4 | 

______________________________________________________________________________


1  3 | 
2  3 | 
2  3 | 
2  3 | 
3  3 | 
2  3 | 

______________________________________________________________________________


