2  1  0  4 | 
2  3  3  5 | 
1  1  2  1 | 

______________________________________________________________________________


2  2  2  2 | 
3  1  3  1 | 
1  4  3  2 | 

______________________________________________________________________________


2  3  4  3 | 
3  4  2  1 | 
3  3  2  3 | 

______________________________________________________________________________


3  3  1  2 | 
2  2  3  3 | 
2  4  4  4 | 

______________________________________________________________________________


3  3  1  3 | 
4  3  3  3 | 
2  2  1  4 | 

______________________________________________________________________________


4  1  2  3 | 
0  2  2  1 | 
3  3  2  3 | 

______________________________________________________________________________


