3  3  3  4  3 | 
2  2  4  3  3 | 
4  1  3  2  3 | 
2  2  3  4  2 | 
2  2  5  2  2 | 

______________________________________________________________________________


4  1  3  2  5 | 
1  3  3  3  3 | 
1  2  3  2  1 | 
4  3  4  3  2 | 
2  4  0  2  3 | 

______________________________________________________________________________


3  2  2  3  2 | 
4  2  1  1  3 | 
3  0  2  1  2 | 
3  2  2  2  3 | 
1  1  3  1  2 | 

______________________________________________________________________________


3  4  3  4  3 | 
3  2  3  2  1 | 
2  4  1  3  3 | 
3  3  3  5  3 | 
2  2  2  3  2 | 

______________________________________________________________________________


3  3  2  2  2 | 
2  3  1  4  3 | 
4  4  4  2  5 | 
0  3  3  2  2 | 
2  4  4  2  2 | 

______________________________________________________________________________


