2  2  4 | 
2  1  3 | 
4  2  1 | 
4  4  2 | 
3  3  3 | 
3  2  1 | 
3  2  4 | 

______________________________________________________________________________


2  4  2 | 
1  3  2 | 
3  3  4 | 
2  2  3 | 
3  3  3 | 
3  2  4 | 
2  3  2 | 

______________________________________________________________________________


4  3  2 | 
2  3  2 | 
1  3  2 | 
1  3  3 | 
2  2  2 | 
2  3  3 | 
4  2  1 | 

______________________________________________________________________________


0  2  2 | 
2  4  1 | 
2  3  3 | 
4  3  1 | 
1  3  4 | 
2  3  2 | 
2  3  1 | 

______________________________________________________________________________


2  3  3 | 
3  1  2 | 
1  1  3 | 
3  4  2 | 
0  2  2 | 
4  2  2 | 
4  4  4 | 

______________________________________________________________________________


3  0  3 | 
4  2  2 | 
2  4  3 | 
3  4  4 | 
0  2  2 | 
3  3  2 | 
1  2  4 | 

______________________________________________________________________________


