3  4  2 | 
2  1  3 | 
2  3  0 | 
3  2  2 | 

______________________________________________________________________________


3  2  3 | 
3  3  3 | 
3  4  3 | 
2  2  0 | 

______________________________________________________________________________


4  1  3 | 
4  2  0 | 
1  2  2 | 
1  2  3 | 

______________________________________________________________________________


2  4  3 | 
2  3  3 | 
1  1  3 | 
2  3  2 | 

______________________________________________________________________________


2  3  1 | 
4  4  3 | 
3  1  4 | 
3  3  3 | 

______________________________________________________________________________


