3  1  5 | 
2  1  3 | 
0  3  3 | 
2  3  1 | 
5  1  3 | 
1  3  1 | 

______________________________________________________________________________


2  1  3 | 
4  3  4 | 
2  4  4 | 
2  2  3 | 
3  3  1 | 
2  0  3 | 

______________________________________________________________________________


2  2  3 | 
4  0  2 | 
3  2  4 | 
4  3  4 | 
1  1  4 | 
3  3  3 | 

______________________________________________________________________________


3  1  1 | 
3  3  2 | 
2  5  3 | 
3  4  1 | 
1  3  4 | 
3  2  2 | 

______________________________________________________________________________


