4  3  3 | 
3  5  3 | 

______________________________________________________________________________


2  2  3 | 
2  2  3 | 

______________________________________________________________________________


3  4  2 | 
5  2  1 | 

______________________________________________________________________________


3  2  2 | 
4  4  0 | 

______________________________________________________________________________


4  3  3 | 
3  3  2 | 

______________________________________________________________________________


2  1  2 | 
4  3  2 | 

______________________________________________________________________________


3  3  2 | 
3  4  3 | 

______________________________________________________________________________


