1  3  2  3  3  2 | 
2  0  4  4  2  2 | 

______________________________________________________________________________


4  2  2  1  2  2 | 
2  2  2  4  3  1 | 

______________________________________________________________________________


3  4  1  1  3  3 | 
2  2  4  2  3  2 | 

______________________________________________________________________________


3  4  3  2  1  2 | 
2  3  1  2  3  3 | 

______________________________________________________________________________


1  2  0  1  3  3 | 
4  3  3  2  4  3 | 

______________________________________________________________________________


4  1  2  3  1  2 | 
1  3  3  4  1  2 | 

______________________________________________________________________________


5  1  3  3  3  2 | 
3  3  3  4  2  5 | 

______________________________________________________________________________


