1  3  4  4 | 
2  2  4  4 | 
2  2  2  4 | 
2  4  2  2 | 
2  2  1  3 | 
2  2  3  2 | 
4  2  4  0 | 

______________________________________________________________________________


3  1  4  2 | 
3  2  4  2 | 
5  1  2  2 | 
3  4  4  3 | 
3  3  3  1 | 
3  0  3  3 | 
2  2  2  2 | 

______________________________________________________________________________


2  3  3  2 | 
2  2  1  2 | 
2  3  2  3 | 
3  3  4  1 | 
2  1  4  2 | 
5  4  3  2 | 
2  5  2  0 | 

______________________________________________________________________________


4  3  3  3 | 
0  2  3  2 | 
4  1  2  5 | 
3  2  2  2 | 
1  3  3  1 | 
1  4  2  5 | 
1  3  3  3 | 

______________________________________________________________________________


