1  3  4  3  4  4 | 
4  4  2  3  2  4 | 

______________________________________________________________________________


1  3  4  3  4  2 | 
2  2  2  2  3  3 | 

______________________________________________________________________________


2  3  2  2  0  3 | 
3  4  2  3  4  2 | 

______________________________________________________________________________


1  4  5  1  3  4 | 
5  4  3  4  4  3 | 

______________________________________________________________________________


4  2  2  4  2  2 | 
3  3  2  0  2  3 | 

______________________________________________________________________________


