3  3 | 
4  2 | 
3  2 | 
5  4 | 

______________________________________________________________________________


3  2 | 
2  3 | 
3  5 | 
2  4 | 

______________________________________________________________________________


4  3 | 
1  4 | 
4  5 | 
3  2 | 

______________________________________________________________________________


0  4 | 
1  4 | 
4  2 | 
3  2 | 

______________________________________________________________________________


1  2 | 
2  3 | 
1  2 | 
3  2 | 

______________________________________________________________________________


3  3 | 
2  4 | 
2  3 | 
3  2 | 

______________________________________________________________________________


