2  2  4  3  4  5 | 
3  4  2  3  3  4 | 

______________________________________________________________________________


3  2  3  2  3  2 | 
5  1  4  4  2  1 | 

______________________________________________________________________________


3  4  2  3  1  3 | 
2  4  1  2  5  2 | 

______________________________________________________________________________


2  4  0  3  3  2 | 
3  3  3  2  2  3 | 

______________________________________________________________________________


2  3  1  2  2  2 | 
2  2  3  3  4  3 | 

______________________________________________________________________________


3  2  4  2  2  1 | 
2  2  3  1  2  2 | 

______________________________________________________________________________


