5  2  3  5  0  2  1 | 
2  2  3  1  0  5  2 | 

______________________________________________________________________________


3  3  3  3  1  4  4 | 
4  2  2  3  2  1  0 | 

______________________________________________________________________________


3  5  3  1  2  0  2 | 
3  1  3  3  5  3  1 | 

______________________________________________________________________________


3  2  3  2  4  2  4 | 
3  5  1  1  2  5  2 | 

______________________________________________________________________________


2  3  1  5  0  3  3 | 
2  2  5  2  3  1  3 | 

______________________________________________________________________________


