2  4 | 
4  4 | 
3  1 | 
3  1 | 
3  3 | 
1  4 | 

______________________________________________________________________________


3  3 | 
2  3 | 
4  1 | 
3  2 | 
2  1 | 
3  2 | 

______________________________________________________________________________


4  2 | 
2  2 | 
4  4 | 
3  4 | 
1  4 | 
2  3 | 

______________________________________________________________________________


0  2 | 
2  1 | 
2  3 | 
4  2 | 
4  4 | 
3  3 | 

______________________________________________________________________________


