2  4  2  2  2  3 | 
3  2  3  2  5  1 | 
2  3  4  2  2  4 | 

______________________________________________________________________________


1  2  4  2  2  3 | 
2  3  4  3  5  3 | 
2  0  4  3  4  1 | 

______________________________________________________________________________


1  3  3  4  3  3 | 
3  3  2  2  3  3 | 
4  2  3  4  2  3 | 

______________________________________________________________________________


3  2  0  3  3  1 | 
1  1  1  1  3  3 | 
4  3  4  2  3  2 | 

______________________________________________________________________________


2  2  2  4  3  1 | 
3  3  1  2  5  3 | 
3  4  4  3  5  3 | 

______________________________________________________________________________


1  1  2  3  1  3 | 
2  3  1  3  2  1 | 
3  3  1  2  3  3 | 

______________________________________________________________________________


