1  4  3 | 
2  1  2 | 
2  2  3 | 
4  3  2 | 
2  3  4 | 

______________________________________________________________________________


4  1  3 | 
3  2  3 | 
3  5  3 | 
3  2  3 | 
4  3  1 | 

______________________________________________________________________________


2  2  2 | 
2  3  2 | 
1  3  2 | 
3  1  2 | 
1  2  2 | 

______________________________________________________________________________


2  1  2 | 
3  4  2 | 
1  4  3 | 
2  3  2 | 
2  1  2 | 

______________________________________________________________________________


