2  2 | 
4  2 | 
2  3 | 
2  3 | 
2  3 | 
3  1 | 
5  3 | 

______________________________________________________________________________


2  2 | 
3  3 | 
3  2 | 
2  2 | 
2  3 | 
3  2 | 
2  3 | 

______________________________________________________________________________


3  5 | 
2  4 | 
0  3 | 
4  1 | 
1  1 | 
3  5 | 
2  2 | 

______________________________________________________________________________


3  1 | 
1  3 | 
2  4 | 
1  3 | 
0  3 | 
2  2 | 
4  1 | 

______________________________________________________________________________


3  1 | 
1  3 | 
2  2 | 
2  2 | 
0  3 | 
4  2 | 
3  2 | 

______________________________________________________________________________


2  2 | 
1  0 | 
2  2 | 
3  3 | 
2  3 | 
3  3 | 
3  2 | 

______________________________________________________________________________


