2  3  2  1 | 
2  3  0  2 | 
3  2  4  3 | 

______________________________________________________________________________


5  4  2  1 | 
5  2  2  3 | 
3  1  3  1 | 

______________________________________________________________________________


2  4  2  4 | 
1  3  3  1 | 
4  1  4  2 | 

______________________________________________________________________________


4  3  2  2 | 
5  3  2  4 | 
2  4  4  3 | 

______________________________________________________________________________


2  3  2  2 | 
3  2  3  2 | 
2  0  2  3 | 

______________________________________________________________________________


