1  2  2 | 
1  2  2 | 
3  2  2 | 

______________________________________________________________________________


4  1  3 | 
3  3  2 | 
2  3  2 | 

______________________________________________________________________________


3  4  2 | 
4  3  2 | 
2  4  3 | 

______________________________________________________________________________


3  3  2 | 
4  3  3 | 
1  2  3 | 

______________________________________________________________________________


0  2  0 | 
2  2  3 | 
3  2  3 | 

______________________________________________________________________________


4  4  1 | 
1  3  3 | 
2  2  4 | 

______________________________________________________________________________


3  1  3 | 
2  4  3 | 
2  1  2 | 

______________________________________________________________________________


