3  3  1  3 | 
1  3  4  3 | 

______________________________________________________________________________


2  1  1  3 | 
3  3  3  4 | 

______________________________________________________________________________


3  4  2  3 | 
2  2  2  3 | 

______________________________________________________________________________


3  3  3  3 | 
3  4  0  2 | 

______________________________________________________________________________


4  4  0  2 | 
2  1  4  2 | 

______________________________________________________________________________


