3  2 | 
2  2 | 

______________________________________________________________________________


2  4 | 
1  1 | 

______________________________________________________________________________


3  3 | 
3  2 | 

______________________________________________________________________________


3  1 | 
3  4 | 

______________________________________________________________________________


3  4 | 
4  2 | 

______________________________________________________________________________


2  3 | 
4  2 | 

______________________________________________________________________________


