2  1  4  4 | 
2  3  2  3 | 

______________________________________________________________________________


1  5  1  1 | 
0  1  2  3 | 

______________________________________________________________________________


2  2  2  3 | 
1  2  2  4 | 

______________________________________________________________________________


1  2  3  2 | 
3  2  3  3 | 

______________________________________________________________________________


3  3  1  2 | 
4  1  1  1 | 

______________________________________________________________________________


0  3  3  3 | 
1  4  1  2 | 

______________________________________________________________________________


