4  4 | 
4  2 | 
1  4 | 
3  1 | 
2  2 | 

______________________________________________________________________________


2  3 | 
3  3 | 
4  3 | 
3  1 | 
2  3 | 

______________________________________________________________________________


2  2 | 
2  2 | 
2  3 | 
2  2 | 
2  4 | 

______________________________________________________________________________


3  2 | 
5  0 | 
2  4 | 
4  4 | 
2  4 | 

______________________________________________________________________________


2  2 | 
3  3 | 
3  4 | 
1  3 | 
3  4 | 

______________________________________________________________________________


3  2 | 
4  3 | 
3  4 | 
5  1 | 
2  3 | 

______________________________________________________________________________


3  3 | 
1  2 | 
2  4 | 
4  2 | 
2  3 | 

______________________________________________________________________________


