1  3 | 
3  3 | 
4  2 | 

______________________________________________________________________________


3  2 | 
2  3 | 
3  1 | 

______________________________________________________________________________


2  4 | 
3  4 | 
1  1 | 

______________________________________________________________________________


1  3 | 
3  2 | 
2  4 | 

______________________________________________________________________________


2  3 | 
2  1 | 
1  2 | 

______________________________________________________________________________


