2  3 | 
1  4 | 
1  3 | 
2  2 | 

______________________________________________________________________________


3  1 | 
2  4 | 
2  3 | 
4  1 | 

______________________________________________________________________________


2  3 | 
1  4 | 
4  2 | 
3  3 | 

______________________________________________________________________________


3  4 | 
1  1 | 
1  4 | 
3  3 | 

______________________________________________________________________________


2  3 | 
3  1 | 
3  2 | 
4  5 | 

______________________________________________________________________________


