1  2 | 
3  3 | 

______________________________________________________________________________


0  2 | 
4  3 | 

______________________________________________________________________________


3  2 | 
2  4 | 

______________________________________________________________________________


2  3 | 
1  2 | 

______________________________________________________________________________


1  3 | 
2  3 | 

______________________________________________________________________________


1  4 | 
3  3 | 

______________________________________________________________________________


5  3 | 
0  1 | 

______________________________________________________________________________


