0  4  2 | 
1  1  1 | 

______________________________________________________________________________


2  3  4 | 
3  2  1 | 

______________________________________________________________________________


5  3  2 | 
3  4  2 | 

______________________________________________________________________________


3  3  4 | 
3  4  4 | 

______________________________________________________________________________


3  1  3 | 
2  4  2 | 

______________________________________________________________________________


3  1  1 | 
3  4  2 | 

______________________________________________________________________________


