2  2  3  3  4 | 
3  4  5  1  1 | 

______________________________________________________________________________


2  5  1  2  2 | 
2  3  3  3  3 | 

______________________________________________________________________________


3  5  2  2  2 | 
2  1  2  2  2 | 

______________________________________________________________________________


2  3  3  3  2 | 
4  3  2  1  1 | 

______________________________________________________________________________


2  3  2  1  3 | 
3  4  2  4  4 | 

______________________________________________________________________________


3  3  3  4  3 | 
2  3  3  3  4 | 

______________________________________________________________________________


3  4  2  3  5 | 
4  4  4  3  4 | 

______________________________________________________________________________


