3  3  2  2 | 
2  5  3  0 | 
1  3  3  2 | 
1  2  3  3 | 

______________________________________________________________________________


0  3  2  1 | 
1  1  2  4 | 
3  2  2  3 | 
2  3  3  3 | 

______________________________________________________________________________


3  1  2  3 | 
2  4  4  2 | 
3  2  2  3 | 
2  3  2  2 | 

______________________________________________________________________________


0  2  3  2 | 
2  1  4  4 | 
4  1  3  3 | 
4  2  3  2 | 

______________________________________________________________________________


0  2  1  1 | 
3  5  2  3 | 
1  2  4  4 | 
2  2  4  4 | 

______________________________________________________________________________


