2  1 | 
3  2 | 
2  2 | 
3  3 | 

______________________________________________________________________________


3  1 | 
5  3 | 
2  3 | 
3  3 | 

______________________________________________________________________________


3  3 | 
0  4 | 
1  1 | 
4  3 | 

______________________________________________________________________________


1  4 | 
2  2 | 
3  2 | 
2  1 | 

______________________________________________________________________________


2  2 | 
3  4 | 
3  3 | 
1  3 | 

______________________________________________________________________________


