1  2  2  3  3  5  4 | 
3  0  3  4  1  4  3 | 

______________________________________________________________________________


0  3  4  4  1  3  3 | 
3  1  3  1  4  4  3 | 

______________________________________________________________________________


1  2  0  3  2  2  1 | 
2  3  1  2  3  3  4 | 

______________________________________________________________________________


4  1  4  2  3  3  2 | 
2  1  3  2  2  3  1 | 

______________________________________________________________________________


2  3  3  0  1  3  3 | 
2  3  3  3  3  1  2 | 

______________________________________________________________________________


3  2  2  3  2  2  4 | 
3  3  3  4  3  0  2 | 

______________________________________________________________________________


