4  2  2  1 | 
4  4  1  2 | 
1  4  2  1 | 
2  4  1  1 | 

______________________________________________________________________________


2  4  0  5 | 
2  4  2  3 | 
3  2  1  2 | 
0  4  3  2 | 

______________________________________________________________________________


2  0  4  5 | 
3  3  3  3 | 
4  3  3  2 | 
5  2  2  3 | 

______________________________________________________________________________


2  3  5  5 | 
3  3  3  3 | 
3  3  3  3 | 
3  2  4  4 | 

______________________________________________________________________________


