2  1 | 
3  2 | 
3  1 | 

______________________________________________________________________________


3  3 | 
2  2 | 
2  2 | 

______________________________________________________________________________


3  1 | 
5  3 | 
3  1 | 

______________________________________________________________________________


0  3 | 
4  3 | 
4  3 | 

______________________________________________________________________________


3  1 | 
2  2 | 
1  1 | 

______________________________________________________________________________


