5  4 | 
4  2 | 
3  2 | 

______________________________________________________________________________


3  2 | 
4  2 | 
2  2 | 

______________________________________________________________________________


4  0 | 
5  3 | 
4  2 | 

______________________________________________________________________________


2  2 | 
5  2 | 
1  3 | 

______________________________________________________________________________


2  3 | 
4  2 | 
4  2 | 

______________________________________________________________________________


3  1 | 
3  4 | 
5  3 | 

______________________________________________________________________________


3  2 | 
2  2 | 
2  3 | 

______________________________________________________________________________


