4  2  3  1  3  3  3 | 
2  2  2  3  1  2  4 | 

______________________________________________________________________________


3  2  3  5  1  3  2 | 
2  0  0  3  1  2  4 | 

______________________________________________________________________________


1  3  3  2  2  2  4 | 
3  3  1  3  4  2  1 | 

______________________________________________________________________________


2  2  4  1  3  3  4 | 
2  3  3  5  4  4  3 | 

______________________________________________________________________________


2  2  1  3  4  3  1 | 
3  3  4  4  4  1  2 | 

______________________________________________________________________________


