4  1  3 | 
1  2  1 | 

______________________________________________________________________________


2  1  4 | 
3  3  2 | 

______________________________________________________________________________


4  2  4 | 
0  3  3 | 

______________________________________________________________________________


1  1  2 | 
3  2  1 | 

______________________________________________________________________________


2  2  4 | 
2  2  2 | 

______________________________________________________________________________


