1  1  1 | 
4  1  2 | 
2  4  4 | 
2  1  1 | 
3  3  4 | 

______________________________________________________________________________


3  4  2 | 
2  2  3 | 
3  2  3 | 
2  2  3 | 
1  1  2 | 

______________________________________________________________________________


2  5  2 | 
4  1  2 | 
3  0  4 | 
3  3  3 | 
2  3  1 | 

______________________________________________________________________________


2  2  3 | 
1  3  2 | 
4  3  0 | 
3  4  1 | 
3  3  3 | 

______________________________________________________________________________


2  2  2 | 
4  4  2 | 
3  2  2 | 
4  2  1 | 
3  1  4 | 

______________________________________________________________________________


2  5  2 | 
0  2  3 | 
3  3  1 | 
1  4  3 | 
2  4  2 | 

______________________________________________________________________________


3  3  2 | 
2  2  3 | 
2  3  2 | 
4  1  2 | 
1  3  1 | 

______________________________________________________________________________


