3  2  2  5  1 | 
3  2  1  3  3 | 

______________________________________________________________________________


2  4  3  4  2 | 
2  3  3  2  4 | 

______________________________________________________________________________


2  4  4  1  3 | 
4  2  0  2  0 | 

______________________________________________________________________________


3  2  4  4  4 | 
1  3  2  1  2 | 

______________________________________________________________________________


3  0  4  2  4 | 
1  3  4  3  4 | 

______________________________________________________________________________


2  2  2  2  0 | 
3  2  2  5  1 | 

______________________________________________________________________________


