4  2  3  3  3  2  2 | 
5  2  4  1  4  3  3 | 
1  5  2  2  3  2  2 | 
4  2  3  1  0  3  2 | 

______________________________________________________________________________


4  3  1  4  2  5  2 | 
2  4  2  3  4  2  3 | 
4  1  3  1  1  2  1 | 
3  4  2  5  2  1  3 | 

______________________________________________________________________________


3  2  2  1  4  4  3 | 
1  1  3  3  4  3  1 | 
3  4  4  0  4  1  3 | 
2  3  1  3  1  2  2 | 

______________________________________________________________________________


