2  2 | 
1  3 | 
3  1 | 
1  4 | 
4  4 | 
4  3 | 
0  5 | 

______________________________________________________________________________


1  3 | 
3  3 | 
3  1 | 
3  2 | 
3  4 | 
1  3 | 
3  2 | 

______________________________________________________________________________


2  2 | 
4  4 | 
4  4 | 
1  3 | 
2  2 | 
1  2 | 
3  3 | 

______________________________________________________________________________


2  3 | 
1  4 | 
3  2 | 
3  1 | 
1  4 | 
3  3 | 
4  2 | 

______________________________________________________________________________


1  1 | 
1  2 | 
1  3 | 
4  1 | 
1  2 | 
3  3 | 
4  3 | 

______________________________________________________________________________


