3  3 | 
2  2 | 
1  4 | 
3  3 | 
2  2 | 

______________________________________________________________________________


2  3 | 
3  2 | 
2  3 | 
1  1 | 
3  2 | 

______________________________________________________________________________


2  2 | 
2  3 | 
2  2 | 
1  3 | 
2  4 | 

______________________________________________________________________________


2  2 | 
2  4 | 
3  2 | 
2  3 | 
2  3 | 

______________________________________________________________________________


1  4 | 
3  4 | 
3  4 | 
3  2 | 
2  3 | 

______________________________________________________________________________


3  3 | 
2  3 | 
2  2 | 
2  5 | 
3  2 | 

______________________________________________________________________________


