3  3  2 | 
3  2  2 | 
2  2  3 | 

______________________________________________________________________________


4  4  1 | 
3  1  4 | 
2  2  2 | 

______________________________________________________________________________


2  1  2 | 
1  0  1 | 
3  3  4 | 

______________________________________________________________________________


2  1  3 | 
1  2  2 | 
4  2  2 | 

______________________________________________________________________________


1  2  2 | 
2  2  1 | 
3  5  3 | 

______________________________________________________________________________


