5  3  1  1 | 
5  2  3  5 | 

______________________________________________________________________________


4  3  2  4 | 
4  2  3  3 | 

______________________________________________________________________________


3  4  4  2 | 
3  3  2  2 | 

______________________________________________________________________________


3  1  2  3 | 
4  4  4  3 | 

______________________________________________________________________________


4  3  2  2 | 
2  2  2  4 | 

______________________________________________________________________________


2  2  2  2 | 
3  4  2  3 | 

______________________________________________________________________________


0  0  1  3 | 
0  1  4  3 | 

______________________________________________________________________________


