2  3 | 
2  4 | 

______________________________________________________________________________


2  2 | 
1  1 | 

______________________________________________________________________________


4  1 | 
3  0 | 

______________________________________________________________________________


3  5 | 
3  5 | 

______________________________________________________________________________


4  2 | 
2  2 | 

______________________________________________________________________________


3  1 | 
3  1 | 

______________________________________________________________________________


