3  2  3 | 
3  2  3 | 

______________________________________________________________________________


4  2  3 | 
5  1  4 | 

______________________________________________________________________________


3  2  1 | 
3  3  4 | 

______________________________________________________________________________


1  3  2 | 
1  2  3 | 

______________________________________________________________________________


2  3  1 | 
1  4  1 | 

______________________________________________________________________________


3  2  4 | 
0  1  4 | 

______________________________________________________________________________


