3  4  3  2 | 
3  5  1  3 | 
1  2  2  4 | 

______________________________________________________________________________


2  2  5  1 | 
4  3  4  3 | 
2  4  2  3 | 

______________________________________________________________________________


1  2  4  3 | 
3  2  4  2 | 
0  1  4  5 | 

______________________________________________________________________________


2  2  4  2 | 
2  1  3  2 | 
2  3  3  3 | 

______________________________________________________________________________


1  3  3  4 | 
4  4  2  2 | 
2  2  3  3 | 

______________________________________________________________________________


