2  4 | 
4  1 | 
3  3 | 
1  0 | 
2  4 | 
2  3 | 

______________________________________________________________________________


4  4 | 
2  1 | 
2  4 | 
0  3 | 
2  1 | 
2  3 | 

______________________________________________________________________________


4  2 | 
3  3 | 
3  0 | 
5  3 | 
3  4 | 
3  2 | 

______________________________________________________________________________


3  3 | 
2  5 | 
1  3 | 
3  1 | 
2  3 | 
2  1 | 

______________________________________________________________________________


2  3 | 
2  1 | 
2  3 | 
3  1 | 
2  3 | 
2  1 | 

______________________________________________________________________________


