5  2  3 | 
5  2  1 | 
1  3  1 | 

______________________________________________________________________________


4  2  3 | 
3  2  3 | 
3  1  3 | 

______________________________________________________________________________


1  2  2 | 
1  3  2 | 
2  3  2 | 

______________________________________________________________________________


2  2  2 | 
3  3  4 | 
3  2  3 | 

______________________________________________________________________________


5  3  4 | 
3  3  3 | 
3  3  3 | 

______________________________________________________________________________


3  0  4 | 
3  3  4 | 
3  3  3 | 

______________________________________________________________________________


3  3  3 | 
1  1  2 | 
3  2  0 | 

______________________________________________________________________________


