3  5 | 
2  4 | 
3  1 | 
2  1 | 
2  0 | 
3  1 | 

______________________________________________________________________________


3  4 | 
4  3 | 
2  3 | 
4  4 | 
2  4 | 
3  4 | 

______________________________________________________________________________


3  3 | 
2  3 | 
3  2 | 
0  3 | 
1  2 | 
1  2 | 

______________________________________________________________________________


4  2 | 
2  3 | 
3  3 | 
1  4 | 
2  3 | 
4  3 | 

______________________________________________________________________________


2  1 | 
2  3 | 
2  2 | 
4  2 | 
1  2 | 
2  1 | 

______________________________________________________________________________


2  4 | 
4  2 | 
3  4 | 
1  2 | 
3  3 | 
1  3 | 

______________________________________________________________________________


