4  2  3  2  4  4  1 | 
1  3  4  2  1  4  3 | 

______________________________________________________________________________


2  3  1  2  3  2  4 | 
2  2  3  1  4  3  1 | 

______________________________________________________________________________


1  2  4  1  4  3  3 | 
3  2  2  2  3  2  0 | 

______________________________________________________________________________


0  1  3  3  3  5  2 | 
2  2  3  3  2  4  4 | 

______________________________________________________________________________


