1  4 | 
5  2 | 
2  4 | 
2  2 | 

______________________________________________________________________________


1  0 | 
3  1 | 
2  2 | 
4  2 | 

______________________________________________________________________________


4  3 | 
3  3 | 
2  2 | 
2  0 | 

______________________________________________________________________________


2  4 | 
1  4 | 
3  4 | 
3  2 | 

______________________________________________________________________________


3  3 | 
4  4 | 
4  2 | 
3  4 | 

______________________________________________________________________________


3  2 | 
2  3 | 
4  3 | 
2  1 | 

______________________________________________________________________________


