2  3  2 | 
2  5  2 | 
4  4  3 | 
1  2  3 | 
4  1  2 | 

______________________________________________________________________________


3  1  2 | 
3  1  2 | 
1  1  3 | 
1  3  1 | 
2  3  2 | 

______________________________________________________________________________


2  2  2 | 
3  4  4 | 
3  3  3 | 
3  3  3 | 
2  4  0 | 

______________________________________________________________________________


2  3  3 | 
3  2  5 | 
2  3  2 | 
3  2  4 | 
3  2  3 | 

______________________________________________________________________________


4  2  3 | 
2  4  2 | 
2  1  4 | 
2  2  3 | 
2  2  3 | 

______________________________________________________________________________


4  2  1 | 
1  3  4 | 
2  3  3 | 
1  3  3 | 
0  1  2 | 

______________________________________________________________________________


