3  1 | 
2  2 | 

______________________________________________________________________________


3  1 | 
3  3 | 

______________________________________________________________________________


3  3 | 
1  1 | 

______________________________________________________________________________


4  3 | 
1  5 | 

______________________________________________________________________________


2  2 | 
3  5 | 

______________________________________________________________________________


3  4 | 
2  2 | 

______________________________________________________________________________


4  4 | 
2  2 | 

______________________________________________________________________________


