1  2 | 
2  2 | 
3  2 | 
3  1 | 
2  3 | 

______________________________________________________________________________


2  2 | 
2  1 | 
1  3 | 
2  4 | 
2  2 | 

______________________________________________________________________________


3  2 | 
3  3 | 
1  2 | 
1  5 | 
1  4 | 

______________________________________________________________________________


4  2 | 
1  3 | 
1  4 | 
2  3 | 
2  2 | 

______________________________________________________________________________


4  1 | 
2  2 | 
1  2 | 
2  4 | 
4  3 | 

______________________________________________________________________________


