4  3  2 | 
4  2  4 | 
4  3  3 | 
3  3  5 | 
1  3  2 | 

______________________________________________________________________________


4  0  4 | 
3  0  3 | 
1  1  3 | 
3  4  3 | 
3  4  3 | 

______________________________________________________________________________


1  2  4 | 
1  1  3 | 
2  2  2 | 
2  1  2 | 
2  3  2 | 

______________________________________________________________________________


2  1  4 | 
1  4  2 | 
3  2  2 | 
4  4  4 | 
2  4  2 | 

______________________________________________________________________________


0  5  2 | 
2  1  2 | 
1  4  1 | 
2  3  2 | 
2  3  2 | 

______________________________________________________________________________


