3  2  2 | 
3  3  3 | 
2  3  3 | 
2  4  3 | 

______________________________________________________________________________


3  2  4 | 
2  4  2 | 
0  0  3 | 
2  1  2 | 

______________________________________________________________________________


3  4  4 | 
4  3  2 | 
1  1  4 | 
0  3  3 | 

______________________________________________________________________________


3  2  2 | 
2  3  3 | 
3  4  4 | 
1  4  2 | 

______________________________________________________________________________


1  4  5 | 
1  1  2 | 
2  3  2 | 
3  3  4 | 

______________________________________________________________________________


3  2  1 | 
2  2  2 | 
2  2  2 | 
2  4  2 | 

______________________________________________________________________________


