2  3  3  1 | 
5  3  1  2 | 
2  1  3  2 | 
2  2  4  0 | 
2  3  2  4 | 
3  3  1  3 | 
2  1  5  3 | 

______________________________________________________________________________


2  4  5  3 | 
3  3  3  2 | 
3  2  3  2 | 
3  2  2  3 | 
5  2  3  3 | 
4  4  3  1 | 
3  1  3  2 | 

______________________________________________________________________________


2  3  1  1 | 
4  3  2  4 | 
3  2  1  3 | 
3  3  1  5 | 
3  3  0  2 | 
3  4  4  2 | 
2  3  0  3 | 

______________________________________________________________________________


3  4  4  2 | 
4  3  4  2 | 
2  3  1  4 | 
2  3  4  3 | 
2  2  2  3 | 
3  1  3  2 | 
4  2  2  3 | 

______________________________________________________________________________


