4  1  3  4  3 | 
1  5  3  2  2 | 
1  3  3  3  4 | 

______________________________________________________________________________


2  2  1  3  2 | 
3  3  2  1  2 | 
1  3  2  2  4 | 

______________________________________________________________________________


3  1  2  3  2 | 
1  2  3  1  3 | 
3  3  3  2  1 | 

______________________________________________________________________________


4  2  3  4  3 | 
3  3  2  2  3 | 
0  3  3  1  3 | 

______________________________________________________________________________


3  4  3  3  3 | 
3  4  3  3  3 | 
3  3  4  2  4 | 

______________________________________________________________________________


3  3  1  2  3 | 
4  2  2  3  3 | 
2  3  2  0  4 | 

______________________________________________________________________________


