3  3  4 | 
0  1  2 | 

______________________________________________________________________________


2  3  1 | 
3  2  3 | 

______________________________________________________________________________


4  3  2 | 
3  1  2 | 

______________________________________________________________________________


3  4  4 | 
1  2  3 | 

______________________________________________________________________________


3  1  1 | 
2  1  1 | 

______________________________________________________________________________


3  2  0 | 
1  3  2 | 

______________________________________________________________________________


3  4  1 | 
2  2  1 | 

______________________________________________________________________________


