3  5  2  3  3  2 | 
1  2  5  2  2  3 | 
3  2  3  3  3  2 | 
4  2  3  2  3  3 | 

______________________________________________________________________________


2  5  3  2  5  4 | 
2  2  2  3  3  3 | 
4  2  2  5  1  3 | 
3  4  2  3  3  2 | 

______________________________________________________________________________


3  0  1  4  5  2 | 
3  4  1  4  3  5 | 
3  1  4  3  2  4 | 
3  1  3  3  3  2 | 

______________________________________________________________________________


4  3  1  3  5  1 | 
2  2  3  3  2  5 | 
3  3  3  1  3  5 | 
2  4  4  4  1  3 | 

______________________________________________________________________________


