2  3 | 
4  0 | 
2  3 | 
2  3 | 
2  3 | 
1  1 | 

______________________________________________________________________________


2  1 | 
3  4 | 
3  3 | 
3  3 | 
3  5 | 
2  3 | 

______________________________________________________________________________


1  2 | 
2  5 | 
5  2 | 
4  1 | 
4  4 | 
4  3 | 

______________________________________________________________________________


2  4 | 
2  1 | 
1  2 | 
3  3 | 
2  3 | 
2  2 | 

______________________________________________________________________________


0  2 | 
3  3 | 
4  3 | 
3  2 | 
3  2 | 
2  3 | 

______________________________________________________________________________


3  2 | 
5  2 | 
4  1 | 
2  1 | 
1  3 | 
3  3 | 

______________________________________________________________________________


3  2 | 
2  4 | 
1  4 | 
2  2 | 
3  2 | 
1  2 | 

______________________________________________________________________________


