1  2  0 | 
0  3  2 | 
2  4  2 | 
2  0  4 | 
4  2  2 | 
3  1  2 | 

______________________________________________________________________________


4  4  3 | 
3  3  4 | 
2  2  0 | 
5  3  3 | 
1  3  4 | 
4  2  3 | 

______________________________________________________________________________


3  4  2 | 
4  3  1 | 
3  4  2 | 
2  3  4 | 
3  3  1 | 
1  3  4 | 

______________________________________________________________________________


4  3  4 | 
2  2  1 | 
3  0  2 | 
2  1  4 | 
3  5  3 | 
3  1  3 | 

______________________________________________________________________________


2  1  3 | 
2  2  3 | 
3  1  4 | 
3  4  2 | 
3  1  3 | 
3  4  1 | 

______________________________________________________________________________


2  2  2 | 
5  2  3 | 
2  3  3 | 
2  2  2 | 
3  4  5 | 
3  3  3 | 

______________________________________________________________________________


