4  4  2 | 
5  4  3 | 
4  0  2 | 
4  4  3 | 

______________________________________________________________________________


2  5  2 | 
3  3  2 | 
1  2  1 | 
2  2  3 | 

______________________________________________________________________________


3  1  3 | 
3  2  2 | 
1  1  2 | 
3  3  2 | 

______________________________________________________________________________


4  4  3 | 
2  2  4 | 
2  2  3 | 
3  3  1 | 

______________________________________________________________________________


5  3  0 | 
2  2  1 | 
1  2  2 | 
3  1  4 | 

______________________________________________________________________________


1  5  2 | 
4  2  1 | 
4  0  4 | 
1  3  3 | 

______________________________________________________________________________


2  3  4 | 
1  0  3 | 
2  3  4 | 
3  4  3 | 

______________________________________________________________________________


