2  3 | 
2  3 | 
2  2 | 
1  1 | 
3  2 | 
3  3 | 
1  4 | 

______________________________________________________________________________


3  1 | 
1  1 | 
1  3 | 
0  3 | 
5  3 | 
1  4 | 
3  2 | 

______________________________________________________________________________


3  5 | 
1  4 | 
2  4 | 
1  4 | 
3  2 | 
3  3 | 
2  3 | 

______________________________________________________________________________


0  1 | 
1  2 | 
3  2 | 
2  3 | 
2  3 | 
3  2 | 
4  2 | 

______________________________________________________________________________


