3  1  2  3  2 | 
3  3  4  4  2 | 
5  2  4  3  4 | 
3  3  2  1  4 | 

______________________________________________________________________________


2  2  1  0  4 | 
3  1  1  4  3 | 
2  3  2  3  2 | 
3  2  2  1  5 | 

______________________________________________________________________________


1  4  3  3  4 | 
3  1  3  4  3 | 
2  5  3  1  3 | 
3  5  3  3  3 | 

______________________________________________________________________________


2  3  2  3  3 | 
1  2  4  0  2 | 
2  3  3  3  4 | 
2  0  3  5  5 | 

______________________________________________________________________________


