3  1  1  1  2  3  4 | 
3  3  2  3  0  2  2 | 
2  4  5  1  2  2  2 | 
2  1  3  1  5  2  2 | 
1  0  3  1  1  2  2 | 

______________________________________________________________________________


4  1  2  3  1  4  3 | 
3  2  2  1  4  2  1 | 
2  1  4  3  2  4  1 | 
2  4  2  4  5  4  3 | 
3  2  3  3  3  1  4 | 

______________________________________________________________________________


4  3  3  4  0  3  1 | 
4  2  2  3  1  3  3 | 
2  4  4  3  3  2  1 | 
4  2  1  1  4  2  3 | 
1  1  2  4  2  2  2 | 

______________________________________________________________________________


