2  5  3  4  2  1  2 | 
1  3  4  2  5  2  0 | 

______________________________________________________________________________


1  5  3  4  1  1  2 | 
2  2  3  2  4  3  0 | 

______________________________________________________________________________


4  1  1  1  2  2  2 | 
5  3  2  4  1  3  3 | 

______________________________________________________________________________


3  4  3  3  1  2  3 | 
1  2  3  3  2  3  2 | 

______________________________________________________________________________


2  1  1  2  2  4  1 | 
3  3  3  3  0  1  4 | 

______________________________________________________________________________


2  3  2  2  3  2  4 | 
2  1  1  3  1  5  3 | 

______________________________________________________________________________


