4  1 | 
2  1 | 
3  1 | 

______________________________________________________________________________


2  3 | 
2  4 | 
1  3 | 

______________________________________________________________________________


4  5 | 
1  3 | 
3  2 | 

______________________________________________________________________________


2  1 | 
3  4 | 
2  2 | 

______________________________________________________________________________


3  4 | 
0  2 | 
2  3 | 

______________________________________________________________________________


2  2 | 
2  1 | 
4  4 | 

______________________________________________________________________________


3  3 | 
2  4 | 
2  2 | 

______________________________________________________________________________


