2  1  0  2  3  2 | 
0  1  4  2  2  2 | 

______________________________________________________________________________


4  3  1  3  3  1 | 
0  1  1  3  3  3 | 

______________________________________________________________________________


4  2  4  4  3  3 | 
3  2  2  1  1  3 | 

______________________________________________________________________________


1  1  3  4  1  3 | 
2  3  2  1  4  2 | 

______________________________________________________________________________


3  2  1  4  2  2 | 
2  4  3  0  4  4 | 

______________________________________________________________________________


4  3  3  2  3  3 | 
4  2  2  2  5  1 | 

______________________________________________________________________________


