2  2  2 | 
1  2  2 | 
1  2  3 | 

______________________________________________________________________________


1  4  1 | 
1  4  0 | 
5  4  3 | 

______________________________________________________________________________


2  2  1 | 
3  2  4 | 
1  2  5 | 

______________________________________________________________________________


2  2  3 | 
2  4  2 | 
2  3  4 | 

______________________________________________________________________________


4  4  4 | 
2  5  1 | 
3  1  2 | 

______________________________________________________________________________


