2  2  3 | 
1  4  2 | 

______________________________________________________________________________


1  1  2 | 
4  2  2 | 

______________________________________________________________________________


2  2  1 | 
3  2  2 | 

______________________________________________________________________________


3  3  1 | 
4  2  3 | 

______________________________________________________________________________


1  2  2 | 
4  0  3 | 

______________________________________________________________________________


