3  2  3  2  3  2 | 
2  4  1  2  0  3 | 
1  3  3  3  3  2 | 

______________________________________________________________________________


2  2  3  3  2  4 | 
5  3  0  2  5  3 | 
2  4  4  3  2  5 | 

______________________________________________________________________________


3  1  3  2  3  4 | 
4  2  2  1  3  2 | 
5  3  0  4  3  1 | 

______________________________________________________________________________


2  4  4  4  3  3 | 
3  2  2  3  4  2 | 
1  1  1  3  2  4 | 

______________________________________________________________________________


