2  4 | 
3  4 | 
4  3 | 

______________________________________________________________________________


4  2 | 
5  2 | 
3  3 | 

______________________________________________________________________________


4  1 | 
4  2 | 
1  2 | 

______________________________________________________________________________


2  1 | 
3  2 | 
3  3 | 

______________________________________________________________________________


5  3 | 
3  1 | 
1  3 | 

______________________________________________________________________________


