3  2  1  4  3 | 
5  3  3  2  2 | 
2  4  2  3  4 | 

______________________________________________________________________________


3  1  3  3  2 | 
2  5  1  2  4 | 
4  3  1  1  3 | 

______________________________________________________________________________


0  4  4  3  3 | 
3  3  4  3  2 | 
4  3  2  2  2 | 

______________________________________________________________________________


3  4  1  2  2 | 
3  4  1  4  2 | 
5  4  4  3  0 | 

______________________________________________________________________________


3  5  3  4  3 | 
0  3  2  3  2 | 
1  1  3  1  3 | 

______________________________________________________________________________


5  3  2  3  1 | 
1  2  0  1  2 | 
1  4  5  4  2 | 

______________________________________________________________________________


3  4  3  1  2 | 
3  1  1  1  1 | 
2  2  3  2  3 | 

______________________________________________________________________________


