2  2  3 | 
3  3  3 | 
4  2  1 | 

______________________________________________________________________________


4  0  2 | 
2  3  2 | 
4  3  2 | 

______________________________________________________________________________


4  3  2 | 
2  4  2 | 
4  3  1 | 

______________________________________________________________________________


2  2  4 | 
3  2  2 | 
3  4  5 | 

______________________________________________________________________________


5  2  2 | 
2  4  3 | 
3  3  3 | 

______________________________________________________________________________


4  3  3 | 
5  2  3 | 
4  2  3 | 

______________________________________________________________________________


4  2  2 | 
3  3  2 | 
3  5  3 | 

______________________________________________________________________________


