1  5  1 | 
3  3  4 | 
1  3  3 | 
3  2  2 | 

______________________________________________________________________________


3  2  1 | 
4  2  3 | 
1  3  2 | 
2  4  3 | 

______________________________________________________________________________


3  4  3 | 
5  2  4 | 
2  4  2 | 
1  2  2 | 

______________________________________________________________________________


3  4  4 | 
0  0  2 | 
3  2  5 | 
2  1  2 | 

______________________________________________________________________________


3  2  2 | 
1  2  2 | 
3  3  4 | 
3  2  3 | 

______________________________________________________________________________


1  2  4 | 
2  3  4 | 
3  3  2 | 
4  2  4 | 

______________________________________________________________________________


