1  3  3  2  1 | 
2  1  1  1  2 | 

______________________________________________________________________________


3  4  3  2  2 | 
3  5  3  3  1 | 

______________________________________________________________________________


2  2  2  3  5 | 
4  2  4  3  4 | 

______________________________________________________________________________


2  2  4  3  5 | 
2  3  3  0  3 | 

______________________________________________________________________________


4  4  3  3  1 | 
3  1  3  1  2 | 

______________________________________________________________________________


