2  2 | 
2  2 | 
2  2 | 
3  2 | 

______________________________________________________________________________


1  4 | 
2  4 | 
3  1 | 
5  5 | 

______________________________________________________________________________


1  2 | 
2  2 | 
2  4 | 
4  1 | 

______________________________________________________________________________


2  0 | 
3  3 | 
2  4 | 
2  3 | 

______________________________________________________________________________


3  3 | 
2  3 | 
3  4 | 
3  4 | 

______________________________________________________________________________


