3  3  4  2 | 
1  0  2  1 | 
3  3  1  4 | 

______________________________________________________________________________


4  3  3  3 | 
1  2  1  1 | 
3  1  3  5 | 

______________________________________________________________________________


1  3  2  3 | 
2  2  3  2 | 
3  4  3  2 | 

______________________________________________________________________________


2  2  2  2 | 
3  1  3  3 | 
2  2  2  3 | 

______________________________________________________________________________


5  3  5  2 | 
3  3  2  3 | 
3  2  1  4 | 

______________________________________________________________________________


