3  1  2  5  3  3  5 | 
3  4  0  5  4  2  3 | 

______________________________________________________________________________


4  1  4  2  3  3  4 | 
1  4  2  3  3  1  4 | 

______________________________________________________________________________


2  0  2  1  3  3  3 | 
3  2  1  2  3  2  2 | 

______________________________________________________________________________


3  2  3  2  3  2  1 | 
3  1  3  2  1  2  1 | 

______________________________________________________________________________


3  3  2  4  5  2  1 | 
4  3  3  3  3  2  1 | 

______________________________________________________________________________


1  3  2  3  2  2  3 | 
2  2  2  1  3  3  2 | 

______________________________________________________________________________


5  3  2  2  3  3  2 | 
3  2  1  3  2  2  3 | 

______________________________________________________________________________


