2  2  1  2 | 
2  3  3  4 | 

______________________________________________________________________________


2  1  3  3 | 
2  5  2  4 | 

______________________________________________________________________________


4  3  1  3 | 
0  1  1  2 | 

______________________________________________________________________________


2  4  1  2 | 
2  1  2  2 | 

______________________________________________________________________________


1  3  3  3 | 
2  2  3  1 | 

______________________________________________________________________________


3  0  1  2 | 
2  0  2  1 | 

______________________________________________________________________________


2  4  2  3 | 
1  3  1  3 | 

______________________________________________________________________________


