2  1 | 
3  3 | 
4  3 | 
2  5 | 
2  2 | 

______________________________________________________________________________


4  3 | 
2  2 | 
3  5 | 
2  2 | 
2  3 | 

______________________________________________________________________________


4  1 | 
5  2 | 
2  1 | 
1  3 | 
4  2 | 

______________________________________________________________________________


3  1 | 
2  3 | 
3  4 | 
3  4 | 
2  2 | 

______________________________________________________________________________


2  2 | 
2  2 | 
2  3 | 
4  4 | 
2  2 | 

______________________________________________________________________________


3  1 | 
3  1 | 
1  3 | 
3  4 | 
2  4 | 

______________________________________________________________________________


