4  0  3 | 
3  1  4 | 
3  1  3 | 
3  3  3 | 

______________________________________________________________________________


3  2  2 | 
4  0  3 | 
3  4  2 | 
3  2  3 | 

______________________________________________________________________________


4  3  3 | 
4  3  3 | 
2  0  3 | 
3  2  4 | 

______________________________________________________________________________


3  3  2 | 
2  2  4 | 
3  3  0 | 
3  4  5 | 

______________________________________________________________________________


2  3  2 | 
1  3  1 | 
2  2  1 | 
3  4  2 | 

______________________________________________________________________________


3  1  2 | 
2  1  2 | 
4  2  1 | 
1  3  2 | 

______________________________________________________________________________


4  4  2 | 
2  3  3 | 
2  1  4 | 
2  3  2 | 

______________________________________________________________________________


