0  4  3  2 | 
0  2  4  1 | 
2  2  1  1 | 

______________________________________________________________________________


3  3  4  4 | 
3  1  3  5 | 
3  4  3  1 | 

______________________________________________________________________________


4  4  1  3 | 
4  0  1  3 | 
4  2  0  4 | 

______________________________________________________________________________


2  3  2  3 | 
2  4  2  1 | 
2  2  2  4 | 

______________________________________________________________________________


3  2  2  2 | 
3  3  1  2 | 
2  1  2  4 | 

______________________________________________________________________________


2  1  5  3 | 
4  5  2  5 | 
4  2  2  2 | 

______________________________________________________________________________


