4  2  1 | 
4  2  3 | 

______________________________________________________________________________


2  3  3 | 
1  2  4 | 

______________________________________________________________________________


2  2  2 | 
2  2  5 | 

______________________________________________________________________________


3  2  1 | 
1  3  1 | 

______________________________________________________________________________


4  1  3 | 
2  1  2 | 

______________________________________________________________________________


2  3  1 | 
2  2  4 | 

______________________________________________________________________________


