4  4  3 | 
3  3  2 | 
3  3  4 | 
4  0  2 | 
2  1  4 | 

______________________________________________________________________________


1  2  1 | 
2  3  3 | 
2  3  2 | 
4  2  2 | 
2  3  2 | 

______________________________________________________________________________


2  4  2 | 
4  2  2 | 
4  3  4 | 
3  1  5 | 
3  3  1 | 

______________________________________________________________________________


2  4  3 | 
3  2  3 | 
2  3  2 | 
3  3  1 | 
2  3  1 | 

______________________________________________________________________________


