2  2 | 
2  2 | 
4  3 | 
3  4 | 
3  0 | 

______________________________________________________________________________


4  2 | 
4  3 | 
4  4 | 
4  4 | 
0  1 | 

______________________________________________________________________________


4  2 | 
2  1 | 
5  1 | 
4  3 | 
4  3 | 

______________________________________________________________________________


2  4 | 
1  2 | 
2  3 | 
3  1 | 
3  4 | 

______________________________________________________________________________


1  4 | 
1  3 | 
2  2 | 
2  1 | 
2  4 | 

______________________________________________________________________________


