1  1  3  2  3  1 | 
3  2  3  2  1  4 | 

______________________________________________________________________________


2  2  2  2  1  2 | 
4  2  2  3  2  5 | 

______________________________________________________________________________


1  3  3  4  4  1 | 
3  4  2  3  2  3 | 

______________________________________________________________________________


4  2  2  2  3  3 | 
2  2  2  2  2  3 | 

______________________________________________________________________________


1  4  3  1  2  3 | 
3  4  2  3  1  2 | 

______________________________________________________________________________


