5  2  2  4 | 
2  3  2  3 | 
2  1  3  3 | 
1  3  3  3 | 

______________________________________________________________________________


4  3  3  3 | 
3  2  4  2 | 
1  3  3  3 | 
2  2  4  4 | 

______________________________________________________________________________


2  1  2  2 | 
4  1  3  2 | 
4  3  1  2 | 
2  4  2  2 | 

______________________________________________________________________________


2  4  3  3 | 
0  2  3  3 | 
2  4  2  1 | 
2  3  3  3 | 

______________________________________________________________________________


