4  1  3  2  1  4 | 
2  2  1  1  3  3 | 
0  4  3  2  2  3 | 

______________________________________________________________________________


0  3  3  2  4  0 | 
1  5  3  3  0  2 | 
4  1  2  2  3  2 | 

______________________________________________________________________________


2  4  2  2  3  4 | 
1  2  2  0  3  3 | 
2  2  2  2  3  4 | 

______________________________________________________________________________


2  3  3  3  4  2 | 
5  4  3  2  1  2 | 
2  4  2  2  2  2 | 

______________________________________________________________________________


4  1  2  3  4  4 | 
3  3  2  2  2  4 | 
5  4  4  0  2  2 | 

______________________________________________________________________________


3  3  2  4  1  2 | 
4  2  3  1  3  1 | 
3  3  1  1  2  4 | 

______________________________________________________________________________


