5  3  2  2 | 
4  3  2  1 | 
2  2  4  3 | 

______________________________________________________________________________


1  3  2  2 | 
0  3  3  4 | 
1  3  3  3 | 

______________________________________________________________________________


1  2  2  3 | 
1  1  3  2 | 
3  4  0  5 | 

______________________________________________________________________________


1  3  3  3 | 
4  3  4  2 | 
2  3  3  3 | 

______________________________________________________________________________


2  3  1  2 | 
3  2  3  2 | 
2  2  2  2 | 

______________________________________________________________________________


3  1  4  4 | 
3  2  3  2 | 
3  4  2  3 | 

______________________________________________________________________________


1  2  4  2 | 
3  3  3  1 | 
3  2  2  1 | 

______________________________________________________________________________


