2  3 | 
2  2 | 
3  3 | 
1  2 | 

______________________________________________________________________________


1  3 | 
4  4 | 
3  4 | 
1  3 | 

______________________________________________________________________________


3  2 | 
3  4 | 
5  2 | 
2  4 | 

______________________________________________________________________________


2  5 | 
5  3 | 
3  1 | 
4  3 | 

______________________________________________________________________________


3  4 | 
2  3 | 
4  2 | 
2  3 | 

______________________________________________________________________________


2  5 | 
4  2 | 
1  1 | 
2  3 | 

______________________________________________________________________________


1  4 | 
3  1 | 
2  1 | 
1  2 | 

______________________________________________________________________________


