3  2 | 
5  3 | 
5  2 | 
2  1 | 
1  3 | 
4  3 | 

______________________________________________________________________________


0  1 | 
2  3 | 
2  3 | 
3  3 | 
5  3 | 
3  1 | 

______________________________________________________________________________


1  1 | 
3  3 | 
3  4 | 
3  3 | 
2  3 | 
2  3 | 

______________________________________________________________________________


3  4 | 
4  1 | 
5  4 | 
3  2 | 
2  2 | 
2  3 | 

______________________________________________________________________________


