3  3  4  3 | 
3  1  4  3 | 

______________________________________________________________________________


1  1  4  2 | 
4  4  1  1 | 

______________________________________________________________________________


1  4  1  2 | 
3  2  4  2 | 

______________________________________________________________________________


2  3  2  2 | 
3  3  1  2 | 

______________________________________________________________________________


4  2  4  3 | 
2  3  2  4 | 

______________________________________________________________________________


