2  4 | 
2  2 | 
3  4 | 
2  2 | 

______________________________________________________________________________


3  4 | 
2  3 | 
4  0 | 
4  3 | 

______________________________________________________________________________


3  3 | 
1  3 | 
1  3 | 
3  2 | 

______________________________________________________________________________


3  2 | 
1  4 | 
3  0 | 
3  4 | 

______________________________________________________________________________


0  3 | 
2  1 | 
3  2 | 
2  2 | 

______________________________________________________________________________


4  3 | 
1  3 | 
2  1 | 
4  1 | 

______________________________________________________________________________


