1  3  2  2  1 | 
1  2  3  2  3 | 

______________________________________________________________________________


1  4  3  1  2 | 
1  3  3  3  0 | 

______________________________________________________________________________


3  1  3  3  3 | 
2  2  2  3  2 | 

______________________________________________________________________________


3  4  2  3  2 | 
3  3  1  3  4 | 

______________________________________________________________________________


2  3  3  3  3 | 
2  1  3  3  3 | 

______________________________________________________________________________


2  2  2  2  4 | 
1  3  1  1  2 | 

______________________________________________________________________________


