4  3 | 
1  2 | 
3  2 | 
5  2 | 
1  2 | 
2  3 | 

______________________________________________________________________________


1  5 | 
4  3 | 
2  2 | 
5  3 | 
2  3 | 
3  2 | 

______________________________________________________________________________


4  3 | 
0  2 | 
1  2 | 
3  0 | 
2  3 | 
2  2 | 

______________________________________________________________________________


3  1 | 
2  1 | 
4  3 | 
2  2 | 
4  3 | 
2  3 | 

______________________________________________________________________________


3  5 | 
5  2 | 
3  3 | 
3  3 | 
2  1 | 
1  3 | 

______________________________________________________________________________


4  3 | 
3  2 | 
3  2 | 
1  2 | 
4  3 | 
3  4 | 

______________________________________________________________________________


3  2 | 
3  3 | 
2  3 | 
2  3 | 
4  1 | 
3  5 | 

______________________________________________________________________________


