1  2  4 | 
2  1  2 | 
5  3  2 | 

______________________________________________________________________________


2  4  3 | 
2  3  3 | 
3  2  2 | 

______________________________________________________________________________


3  3  3 | 
3  2  3 | 
3  4  2 | 

______________________________________________________________________________


3  2  4 | 
2  3  2 | 
2  3  3 | 

______________________________________________________________________________


4  1  0 | 
3  2  2 | 
3  1  0 | 

______________________________________________________________________________


3  3  2 | 
4  2  1 | 
4  5  0 | 

______________________________________________________________________________


