3  3  3  1 | 
1  2  2  2 | 

______________________________________________________________________________


2  4  3  3 | 
3  3  4  2 | 

______________________________________________________________________________


5  1  2  2 | 
4  2  4  2 | 

______________________________________________________________________________


3  3  5  2 | 
3  4  2  0 | 

______________________________________________________________________________


4  3  3  2 | 
0  1  3  5 | 

______________________________________________________________________________


2  1  3  2 | 
2  3  2  5 | 

______________________________________________________________________________


