2  4  1 | 
4  2  1 | 

______________________________________________________________________________


3  2  3 | 
1  2  3 | 

______________________________________________________________________________


1  2  3 | 
2  3  1 | 

______________________________________________________________________________


1  3  1 | 
2  1  4 | 

______________________________________________________________________________


4  4  3 | 
4  2  2 | 

______________________________________________________________________________


2  3  4 | 
2  4  4 | 

______________________________________________________________________________


2  2  4 | 
5  2  2 | 

______________________________________________________________________________


