2  2  3  2  1 | 
3  4  1  3  4 | 
2  2  4  4  4 | 
4  2  3  4  2 | 

______________________________________________________________________________


3  0  2  4  2 | 
3  1  4  2  2 | 
1  2  1  4  3 | 
2  4  2  2  2 | 

______________________________________________________________________________


4  1  4  4  2 | 
1  3  1  5  1 | 
2  1  3  3  3 | 
4  1  4  1  2 | 

______________________________________________________________________________


2  5  3  3  3 | 
3  2  1  3  3 | 
4  3  2  2  3 | 
4  3  1  1  3 | 

______________________________________________________________________________


2  3  4  3  4 | 
3  4  5  1  2 | 
3  2  2  0  2 | 
2  0  1  2  2 | 

______________________________________________________________________________


1  5  3  2  3 | 
1  2  2  3  1 | 
3  4  5  2  3 | 
1  4  3  4  3 | 

______________________________________________________________________________


1  2  3  2  0 | 
1  1  2  1  2 | 
3  4  2  2  4 | 
3  1  2  2  5 | 

______________________________________________________________________________


