2  2 | 
3  2 | 

______________________________________________________________________________


2  3 | 
1  4 | 

______________________________________________________________________________


5  1 | 
2  4 | 

______________________________________________________________________________


3  3 | 
2  3 | 

______________________________________________________________________________


2  4 | 
2  0 | 

______________________________________________________________________________


2  4 | 
4  3 | 

______________________________________________________________________________


