3  3 | 
1  3 | 
3  3 | 

______________________________________________________________________________


3  1 | 
2  3 | 
3  3 | 

______________________________________________________________________________


3  4 | 
2  2 | 
4  3 | 

______________________________________________________________________________


2  3 | 
0  2 | 
4  3 | 

______________________________________________________________________________


3  4 | 
2  2 | 
4  2 | 

______________________________________________________________________________


3  4 | 
2  3 | 
3  3 | 

______________________________________________________________________________


