3  2  4  2  1  0  1 | 
2  3  1  3  2  2  5 | 
1  3  3  4  3  2  3 | 

______________________________________________________________________________


3  1  2  4  1  1  3 | 
2  3  2  0  3  1  2 | 
3  3  1  1  1  3  3 | 

______________________________________________________________________________


3  0  4  3  3  3  2 | 
0  4  2  1  3  5  3 | 
3  2  4  1  2  1  2 | 

______________________________________________________________________________


2  4  4  3  2  4  3 | 
1  3  4  2  2  3  4 | 
0  3  2  4  1  2  1 | 

______________________________________________________________________________


5  2  1  3  2  3  1 | 
0  1  3  2  3  1  3 | 
4  4  3  3  2  3  2 | 

______________________________________________________________________________


3  3  4  3  4  4  4 | 
3  4  2  2  4  1  3 | 
1  2  3  2  2  3  4 | 

______________________________________________________________________________


