3  3  3 | 
4  3  3 | 
2  3  3 | 
3  3  1 | 

______________________________________________________________________________


2  3  2 | 
2  3  3 | 
4  3  3 | 
2  3  4 | 

______________________________________________________________________________


2  2  4 | 
2  2  3 | 
4  3  3 | 
2  1  5 | 

______________________________________________________________________________


2  5  2 | 
3  2  4 | 
2  3  4 | 
3  3  2 | 

______________________________________________________________________________


