2  2 | 
1  4 | 

______________________________________________________________________________


4  4 | 
3  1 | 

______________________________________________________________________________


4  3 | 
2  4 | 

______________________________________________________________________________


3  3 | 
1  2 | 

______________________________________________________________________________


3  1 | 
1  3 | 

______________________________________________________________________________


2  1 | 
1  1 | 

______________________________________________________________________________


1  3 | 
3  4 | 

______________________________________________________________________________


