3  1  2  3 | 
2  4  2  3 | 
1  0  1  3 | 
4  3  4  2 | 

______________________________________________________________________________


5  2  0  3 | 
3  0  1  1 | 
1  2  1  4 | 
0  1  4  3 | 

______________________________________________________________________________


2  3  0  3 | 
4  2  3  1 | 
4  2  1  1 | 
1  4  1  2 | 

______________________________________________________________________________


4  3  1  2 | 
2  3  2  5 | 
3  4  3  5 | 
3  2  2  2 | 

______________________________________________________________________________


2  1  2  3 | 
3  1  3  1 | 
3  1  1  3 | 
4  3  1  5 | 

______________________________________________________________________________


4  1  1  1 | 
2  1  3  4 | 
5  2  4  1 | 
3  1  3  2 | 

______________________________________________________________________________


